0b002601 0b001f01 10000 100 475 2000015568 8240 8361
0b001801 0b001c01 10000 100 835 2000028900 4176 4230
0b001d01 0b002e01 10000 100 1899 2000018770 16784 8479
0b004201 0b004401 10000 100 363 2000083538 4102 4192
0b004601 0b002701 10000 100 76917 2000003551 87297 18929
0b003201 0b004101 10000 100 34614 2000034298 71122 15383
0b001501 0b001401 10000 100 188333 2000043398 72557 19952
0b003801 0b004d01 10000 100 17194 2000062574 59348 13924
0b000401 0b004201 10000 100 27206 2000067990 66887 14764
0b004f01 0b004501 10000 100 35185 2000101300 40906 7113
0b000701 0b000d01 10000 100 55674 2000099586 47590 8828
0b002f01 0b004701 10000 100 23462 2000088643 64331 14449
0b001101 0b001a01 10000 100 8412 2000131613 25134 4867
0b000201 0b003001 10000 100 57979 2000093671 67833 13181
0b000f01 0b001f01 10000 100 192707 2000107716 95499 24477
0b002c01 0b001d01 10000 100 111641 2000127249 83769 17681
0b002c01 0b002501 10000 100 78689 2000161359 54846 10758
0b000901 0b004f01 10000 100 876854 2000045394 182702 85996
0b003001 0b003301 10000 100 373750 2000135655 94316 35496
0b002f01 0b001b01 10000 100 148343 2000148118 102839 20759
0b003301 0b002401 10000 100 41625 2000201119 62054 11811
0b001301 0b001a01 10000 100 1952481 2000029682 239499 167858
0b003a01 0b002f01 10000 100 33647 2000221574 58477 11142
0b001f01 0b000701 10000 100 10400 2000254652 42781 9194
0b001b01 0b001101 10000 100 97310 2000257039 58860 12321
0b000301 0b004101 10000 100 21649 2000292528 63372 14296
0b001f01 0b000601 10000 100 1785746 2000097047 262036 158037
0b001101 0b003a01 10000 100 19773 2000308819 57119 9978
0b000d01 0b004c01 10000 100 88778 2000292195 90827 19924
0b001501 0b000b01 10000 100 43198 2000323348 67241 11944
0b001801 0b002f01 10000 100 162380 2000293504 97947 21936
0b000901 0b002601 10000 100 9616 2000374245 41257 9127
0b003401 0b002701 10000 100 231659 2000285792 129819 27743
0b004c01 0b001901 10000 100 38418 2000347233 73052 15703
0b000601 0b003001 10000 100 1214833 2000237193 196446 110172
0b003501 0b004301 10000 100 204045 2000299429 147429 29590
0b000201 0b004e01 10000 100 30690 2000387742 79428 15054
0b004201 0b003201 10000 100 22522 2000396537 72175 14370
0b003501 0b000601 10000 100 107187 2000388341 81177 17309
0b002801 0b003501 10000 100 3884 2000481903 28647 8646
0b000201 0b001901 10000 100 72798 2000424467 93250 14424
0b001c01 0b000901 10000 100 58834 2000467244 70174 13253
0b001c01 0b000b01 10000 100 2521489 2000215750 324552 219723
0b002d01 0b001101 10000 100 2465275 2000203350 341291 215011
0b000301 0b000901 10000 100 76326 2000488960 57854 10561
0b000001 0b002c01 10000 100 199179 2000433548 113991 25022
0b004801 0b002401 10000 100 9825 2000501455 50640 13304
0b004d01 0b001f01 10000 100 6325 2000514518 43997 13012
0b003801 0b003a01 10000 100 589423 2000463909 114702 53579
0b003201 0b002401 10000 100 2465552 2000207805 392545 215033
0b002901 0b003301 10000 100 61405 2000537480 68908 13470
0b003201 0b003101 10000 100 696418 2000484316 145249 62549
0b001e01 0b003c01 10000 100 9379 2000597214 40743 9108
0b002c01 0b003401 10000 100 880870 2000488047 165877 82172
0b004d01 0b001701 10000 100 72710 2000603327 86387 18577
0b002b01 0b000801 10000 100 53381 2000631478 66393 12797
0b004f01 0b004401 10000 100 459437 2000562635 138308 42681
0b000301 0b000e01 10000 100 1741618 2000330149 371174 150178
0b001701 0b000f01 10000 100 23039 2000651770 54054 10255
0b000e01 0b001e01 10000 100 5777660 2000083528 661225 492720
0b003401 0b004e01 10000 100 40455 2000695373 74121 15873
0b003201 0b004c01 10000 100 3206 2000732579 37874 12751
0b002201 0b001f01 10000 100 35871 2000716253 60225 11327
0b001c01 0b000b01 10001 100 886138 2000605163 171825 82617
0b001301 0b001d01 10000 100 21235 2000767095 35717 5943
0b000901 0b003601 10000 100 149715 2000753073 88531 20873
0b004901 0b003301 10000 100 97899 2000749202 94425 20688
0b002401 0b002601 10000 100 65631 2000835327 50312 9663
0b001c01 0b004701 10000 100 29546 2000805886 79951 14958
0b004701 0b004301 10000 100 977958 2000781223 150098 86152
0b001601 0b001d01 10000 100 1643915 2000663449 271315 141986
0b004c01 0b004f01 10000 100 538771 2000677426 261480 49331
0b002e01 0b003201 10000 100 141715 2000859347 87171 20202
0b000401 0b001d01 10000 100 18783 2000845058 107001 9895
0b001d01 0b002001 10000 100 28762 2000879557 77592 10732
0b004201 0b001601 10000 100 2177638 2000613275 356884 195054
0b001401 0b000601 10000 100 69253 2000905606 71436 14129
0b000b01 0b004201 10000 100 2739628 2000616457 379355 242171
0b004a01 0b001901 10000 100 70819 2000916055 86544 18418
0b000701 0b001d01 10000 100 26414 2000984256 69385 10536
0b002a01 0b001201 10000 100 41723 2001030059 62003 11819
0b001c01 0b003f01 10000 100 33320 2001044830 59140 11116
0b004501 0b004d01 10000 100 53234 2001065935 46932 8626
0b004a01 0b003801 10000 100 23520 2001054235 64935 14453
0b004401 0b000e01 10000 100 1679921 2000735788 405029 153324
0b002301 0b004c01 10000 100 72782 2001042077 104352 18582
0b003f01 0b001d01 10000 100 1344237 2000778131 370381 121023
0b002401 0b004101 10000 100 7806 2001105255 46691 13135
0b002c01 0b002601 10000 100 1272667 2000980402 178603 110861
0b001601 0b004601 10000 100 596 2001147986 12414 12531
0b004c01 0b003601 10000 100 4732 2001087068 86573 12877
0b004e01 0b004701 10000 100 1142262 2001014822 165011 99930
0b002101 0b001b01 10000 100 2023 2001179184 25494 8493
0b004001 0b001d01 10000 100 2916967 2000746023 553950 257038
0b003201 0b001e01 10000 100 16243 2001246091 55135 9684
0b002401 0b004201 10000 100 5544 2001264787 42810 12946
0b003201 0b000701 10000 100 4468528 2000578888 732903 382963
0b002801 0b001801 10000 100 1064 2001292150 20792 8412
0b003c01 0b000d01 10000 100 5069 2001275870 39790 8748
0b001101 0b001201 10000 100 392367 2001229007 96213 37058
0b000801 0b000101 10000 100 12419 2001319330 28293 5203
0b003d01 0b002201 10000 100 1881844 2001045163 306851 166094
0b001601 0b004a01 10000 100 28831 2001284636 68211 14897
0b000901 0b003901 10000 100 716524 2001156840 209103 68395
0b000301 0b000d01 10000 100 9814549 2000199684 1184253 827013
0b004d01 0b004701 10000 100 2283 2001376061 12614 4354
0b002201 0b004f01 10000 100 3753063 2000553324 840381 327140
0b004f01 0b003201 10000 100 1575660 2000805248 600440 144584
0b002901 0b002501 10000 100 21480 2001370575 36297 5962
0b004501 0b002e01 10000 100 17209 2001346968 60239 13925
0b004a01 0b004501 10000 100 666345 2001299426 121762 60028
0b000d01 0b003c01 10000 100 4967733 2000861906 583527 424815
0b001201 0b003c01 10000 100 15827 2001359005 92737 9647
0b003401 0b003501 10000 100 3613 2001436979 16156 4464
0b003301 0b004701 10000 100 46666 2001363490 92074 16393
0b001701 0b004f01 10000 100 3633220 2000540148 945393 317092
0b003a01 0b004a01 10000 100 7127 2001461737 54516 13080
0b002f01 0b002301 10000 100 29663 2001483348 38813 6648
0b004501 0b003a01 10000 100 26240 2001471503 75795 14682
0b002c01 0b002e01 10000 100 6392 2001532221 21778 4698
0b004f01 0b000501 10000 100 25202 2001494129 73284 14596
0b001d01 0b001f01 10000 100 352024 2001477599 92080 33677
0b002401 0b004701 10000 100 906689 2001308975 261211 88498
0b003201 0b003601 10000 100 255259 2001494126 81318 25563
0b001801 0b003201 10000 100 78502 2001500957 79055 14903
0b001b01 0b001001 10000 100 53820 2001540133 47341 8672
0b001c01 0b000601 10000 100 65858 2001511148 77482 13842
0b003601 0b000501 10000 100 4607605 2000816625 773168 394623
0b003401 0b004701 10000 100 45948 2001522313 76618 16332
0b000701 0b003f01 10000 100 78056 2001529010 74119 14867
0b003f01 0b003901 10000 100 1485220 2001415487 197093 128683
0b001e01 0b004201 10000 100 6175 2001570952 44839 13000
0b003001 0b001301 10000 100 3970352 2001033599 583406 341196
0b001e01 0b002f01 10000 100 1406341 2001392860 229494 126230
0b001001 0b004901 10000 100 3981524 2000790620 856375 346292
0b001801 0b004401 10000 100 68162 2001575550 84763 18197
0b000c01 0b000801 10000 100 1960549 2001425085 239478 168534
0b004201 0b004501 10000 100 465545 2001566181 103334 43193
0b001b01 0b000801 10000 100 4515 2001661028 32365 8700
0b002601 0b004301 10000 100 1372211 2001344201 361938 127529
0b004f01 0b000301 10000 100 4571186 2000576666 1138143 395731
0b002401 0b004e01 10000 100 21651 2001683830 63428 14296
0b001c01 0b002101 10000 100 757333 2001603182 155261 71817
0b000501 0b003901 10000 100 22684 2001714121 60332 10223
0b004e01 0b001501 10000 100 161492 2001684886 106055 26021
0b003c01 0b003301 10000 100 58373 2001746363 48584 9056
0b002101 0b004801 10000 100 76 2001814098 15842 12489
0b003301 0b001b01 10000 100 901735 2001661443 171819 83922
0b004f01 0b001c01 10000 100 60955 2001745500 90905 17590
0b003901 0b002f01 10000 100 85294 2001744235 103833 15473
0b001001 0b002601 10000 100 3554839 2001108380 750742 306358
0b001101 0b003101 10000 100 728966 2001640448 226844 69436
0b004601 0b002801 10000 100 6337443 2001026190 845770 543813
0b004601 0b004d01 10000 100 8595 2001847510 24488 4882
0b004f01 0b003001 10000 100 4445816 2000757231 1118172 385217
0b001101 0b000301 10000 100 7171 2001873251 37989 8924
0b002f01 0b004801 10000 100 8401 2001861025 52150 13186
0b001601 0b000401 10000 100 586 2001949693 8503 8370
0b003201 0b001501 10000 100 45235 2001890793 79095 12115
0b002801 0b004201 10000 100 35794 2001920258 75315 15481
0b004201 0b002601 10000 100 46957 2001917129 86995 16417
0b004501 0b004d01 10001 100 119183 2001946686 61698 14155
0b003001 0b002d01 10000 100 2921316 2001456836 553650 253245
0b001801 0b003c01 10000 100 3917 2001970867 42938 8648
0b001101 0b004e01 10000 100 474092 2001847649 183766 52231
0b002801 0b002401 10000 100 10965 2002026171 26591 5079
0b004701 0b000c01 10000 100 120849 2001955648 99783 22612
0b000f01 0b000501 10000 100 2037 2002064410 12626 4334
0b002c01 0b001f01 10000 100 870678 2001887108 194375 81318
0b002701 0b000301 10000 100 9559 2002044628 49319 9123
0b001401 0b001e01 10000 100 4604327 2001276900 829883 390189
0b002301 0b002501 10000 100 8544946 2001284163 840239 720568
0b001c01 0b003b01 10000 100 51336 2002017024 108555 12626
0b000201 0b001001 10000 100 212649 2002020835 110767 26149
0b003a01 0b000c01 10000 100 147536 2002015799 134875 20691
0b002001 0b002a01 10000 100 122594 2002101772 62316 14439
0b000401 0b000801 10000 100 71070 2002114741 51733 10122
0b002101 0b000701 10000 100 11605 2002102330 64487 9294
0b000501 0b002e01 10000 100 15349 2002110783 56975 9609
0b000c01 0b002901 10000 100 676430 2001991778 179726 65034
0b000e01 0b003a01 10000 100 64914 2002064369 117369 13762
0b003801 0b003a01 10001 100 911313 2001929705 262241 80567
0b001001 0b000a01 10000 100 2943100 2001831482 391824 255072
0b001b01 0b001501 10000 100 28610 2002202280 38025 6560
0b003701 0b003801 10000 100 37403 2002203546 41691 7298
0b001101 0b002b01 10000 100 72660 2002190204 82011 14413
0b004d01 0b001201 10000 100 8421 2002234125 48419 13188
0b003501 0b002c01 10000 100 47746 2002208015 78201 12324
0b003201 0b001101 10000 100 488724 2002128649 171796 49295
0b003501 0b000201 10000 100 8008859 2001343767 957333 679783
0b003f01 0b003401 10000 100 994151 2002156933 154688 87512
0b000f01 0b004801 10000 100 4445992 2001787697 531591 385232
0b000801 0b003201 10000 100 44707 2002259685 63532 12069
0b002901 0b003901 10000 100 18712 2002264248 59761 9889
0b001301 0b000101 10000 100 3454 2002302492 28583 8611
0b002d01 0b004601 10000 100 22762 2002268519 64221 14389
0b001d01 0b003f01 10000 100 34255 2002259372 88461 11194
0b002b01 0b000b01 10000 100 24775 2002274456 88499 10398
0b002901 0b002d01 10000 100 1957904 2002116164 263525 168311
0b000001 0b004101 10000 100 766072 2002138933 253207 76711
0b003a01 0b004b01 10000 100 38422 2002320923 73292 15703
0b004401 0b001101 10000 100 151178 2002261096 150562 25157
0b003701 0b000a01 10000 100 14015 2002359020 70073 9498
0b000e01 0b001801 10000 100 6918 2002364158 67618 8900
0b003d01 0b004d01 10000 100 32944 2002367870 70420 15242
0b000801 0b002d01 10000 100 378 2002436369 8263 8354
0b002901 0b000f01 10000 100 581233 2002247682 221510 57053
0b004401 0b000201 10000 100 39525 2002345152 124163 15795
0b001401 0b003401 10000 100 26149 2002408219 68538 10515
0b004801 0b001701 10000 100 24456 2002398169 96254 14532
0b000d01 0b003201 10000 100 8096 2002469125 39528 9002
0b003801 0b000501 10000 100 9020535 2001296597 1219321 764603
0b001b01 0b000e01 10000 100 182035 2002354888 184376 23585
0b002701 0b000601 10000 100 124256 2002458151 84184 18740
0b002901 0b000901 10000 100 58861 2002504935 68922 13255
0b004b01 0b001a01 10000 100 3746 2002544984 38555 12795
0b004301 0b002701 10000 100 6672 2002540414 44410 13040
0b000e01 0b000201 10000 100 1361330 2002436560 185178 118296
0b001401 0b003f01 10000 100 1919803 2002161552 482380 169277
0b001701 0b000a01 10000 100 67523 2002555909 107342 13982
0b001001 0b003601 10000 100 231542 2002523678 148507 27734
0b004701 0b003701 10000 100 4732 2002608593 70507 12877
0b003a01 0b000801 10000 100 39166 2002622264 94773 11606
0b002001 0b001101 10000 100 2302589 2002194031 536062 201370
0b000001 0b004c01 10000 100 3035416 2002300650 435194 266971
0b000b01 0b002801 10000 100 169551 2002648186 101633 22536
0b004e01 0b003901 10000 100 58638 2002616481 134509 17397
0b004e01 0b003c01 10000 100 10433 2002688334 72406 13356
0b001701 0b001a01 10000 100 16110554 2001132051 1638897 1354870
0b000101 0b004901 10000 100 55180 2002751724 80349 17109
0b004d01 0b000001 10000 100 4748183 2002157877 682165 410570
0b002201 0b003a01 10000 100 8335009 2001423652 1427465 707130
0b004901 0b003401 10000 100 6865 2002805613 51396 13056
0b002501 0b000301 10000 100 39498 2002798485 61854 11633
0b004301 0b004c01 10000 100 4743 2002855782 18170 4558
0b000a01 0b001d01 10000 100 31407 2002823022 60389 10955
0b001a01 0b003d01 10000 100 21511 2002831908 63201 10125
0b001e01 0b004401 10000 100 902440 2002657312 249104 88142
0b004201 0b002f01 10000 100 133738 2002800070 113275 23693
0b000b01 0b002c01 10000 100 14644 2002863544 53445 9549
0b003001 0b003601 10000 100 63348 2002870210 53900 9473
0b004d01 0b001001 10000 100 24788 2002847371 78676 14559
0b004001 0b004e01 10000 100 69419 2002882411 51512 9982
0b003301 0b000901 10000 100 1829746 2002527337 408161 161726
0b002a01 0b001e01 10000 100 7360150 2001935732 1049637 625398
0b003101 0b003f01 10000 100 52414 2002941696 46666 8556
0b000e01 0b002d01 10000 100 14857 2002938070 52494 9566
0b004e01 0b002e01 10000 100 1249100 2002769151 228574 117208
0b001701 0b002c01 10000 100 59035 2002925256 75043 13273
0b002501 0b002001 10000 100 28263 2002970857 37986 6532
0b001301 0b001f01 10000 100 3797456 2002614411 406639 322540
0b003001 0b000901 10000 100 69426 2002927198 100930 14142
0b003601 0b004201 10000 100 13339 2002977265 59308 13600
0b000801 0b001501 10000 100 36147 2002962770 75707 11353
0b004301 0b003901 10000 100 10438 2002994657 55269 13357
0b003e01 0b001601 10000 100 39573 2003014231 61590 11639
0b003901 0b004501 10000 100 911540 2002860494 218365 88905
0b004501 0b004301 10000 100 65934 2003017681 62258 9688
0b000a01 0b001501 10000 100 6984016 2001868969 1213220 593863
0b004e01 0b001801 10000 100 25337 2003009876 78017 14606
0b004701 0b004101 10000 100 8854550 2002175739 922168 746527
0b000d01 0b001301 10000 100 7156 2003078381 37753 8923
0b001c01 0b003301 10000 100 110156 2003008283 111938 17558
0b001201 0b002f01 10000 100 5689085 2002402385 720444 485296
0b000001 0b000a01 10000 100 1010609 2002894729 231574 88890
0b002601 0b000901 10000 100 19591 2003093092 60128 9964
0b001e01 0b001801 10000 100 77740 2003121698 53384 10678
0b000301 0b004a01 10000 100 1373119 2002775791 411031 127605
0b002e01 0b002301 10000 100 7418 2003166119 23192 4784
0b000c01 0b001e01 10000 100 530237 2002995813 204759 52778
0b003a01 0b004a01 10001 100 6327 2003172655 44057 13013
0b001c01 0b000e01 10000 100 4879 2003190838 32110 8729
0b003d01 0b000b01 10000 100 43933 2003138036 87205 12003
0b003c01 0b002501 10000 100 53854 2003160428 77154 12835
0b000001 0b002201 10000 100 1527311 2002908248 355176 136372
0b004101 0b001f01 10000 100 9347 2003222604 50161 13266
0b000b01 0b002601 10000 100 13238 2003240775 45392 9432
0b003701 0b004b01 10000 100 4637904 2002271885 1023248 401322
0b001501 0b001301 10000 100 16105 2003279725 31307 5513
0b000701 0b004b01 10000 100 12944 2003242278 86054 13565
0b004f01 0b002201 10000 100 36181 2003262359 73058 15516
0b002a01 0b000d01 10000 100 317509 2003206188 135601 34941
0b002d01 0b002e01 10000 100 1925363 2003116188 236289 165584
0b003a01 0b002801 10000 100 7314 2003309455 54828 8935
0b001b01 0b001001 10001 100 3905 2003350506 16059 4487
0b002c01 0b004e01 10000 100 58573 2003277451 106671 17392
0b000101 0b002401 10000 100 60660 2003293101 102187 13407
0b000301 0b002101 10000 100 20471 2003338013 57970 10038
0b004801 0b003001 10000 100 4510 2003365430 65003 12860
0b003e01 0b002d01 10000 100 33118 2003381635 57439 11100
0b000b01 0b004901 10000 100 174261 2003334498 135742 27092
0b000301 0b004b01 10000 100 2679572 2003033825 448562 237136
0b004301 0b003b01 10000 100 4899689 2002809377 694599 423271
0b002c01 0b004a01 10000 100 1700369 2002952425 555900 155041
0b003001 0b001f01 10000 100 6984 2003428326 81563 8905
0b002301 0b004901 10000 100 52497 2003417305 93749 16883
0b001a01 0b004501 10000 100 2305748 2002882376 634037 205794
0b000001 0b002f01 10000 100 1719602 2003141932 378679 152492
0b002001 0b003f01 10000 100 21592 2003454174 77614 10131
0b002a01 0b002801 10000 100 72078 2003483452 52092 10206
0b002e01 0b002c01 10000 100 40573 2003496071 43703 7563
0b001501 0b001601 10000 100 24650 2003530741 36161 6228
0b001a01 0b002d01 10000 100 53711 2003477270 96204 12824
0b000801 0b003501 10000 100 27488 2003479237 94667 10626
0b003b01 0b000001 10000 100 568057 2003396226 203942 55949
0b001001 0b003f01 10000 100 824582 2003300954 312071 77454
0b002d01 0b001401 10000 100 3229 2003611815 43728 8593
0b001c01 0b001d01 10000 100 2338 2003653603 12506 4358
0b004101 0b002601 10000 100 193079 2003544703 134433 28671
0b001401 0b002b01 10000 100 16574299 2001349859 2337601 1397911
0b001201 0b004e01 10000 100 902929 2003508588 194310 88181
0b000101 0b001401 10000 100 6015 2003697761 36816 8828
0b004101 0b002301 10000 100 59459 2003638551 103255 17467
0b002001 0b004b01 10000 100 71543 2003651502 92021 18479
0b002f01 0b002401 10000 100 20619 2003712295 33877 5890
0b004601 0b003301 10000 100 3012893 2003243095 511940 265081
0b000501 0b002901 10000 100 80307 2003685850 74428 15055
0b003201 0b003901 10000 100 4348 2003765213 18108 4527
0b002101 0b000601 10000 100 44439 2003716461 73692 12047
0b001c01 0b004701 10001 100 46257 2003712660 77707 16361
0b004701 0b004d01 10000 100 307082 2003734697 87250 29909
0b003e01 0b003501 10000 100 6804 2003800157 21844 4731
0b001c01 0b000001 10000 100 1045891 2003532327 301527 96007
0b000301 0b000201 10000 100 1801400 2003604397 239069 155191
0b000101 0b002201 10000 100 2598790 2003430789 435330 226203
0b001a01 0b001d01 10000 100 431712 2003769096 104183 40355
0b001a01 0b003501 10000 100 1871 2003839918 35352 8477
0b001b01 0b003401 10000 100 2138561 2003361914 516939 187618
0b002001 0b003b01 10000 100 4401592 2003196949 684793 377351
0b003701 0b004c01 10000 100 79935 2003802252 88241 19182
0b002a01 0b000101 10000 100 59629 2003844100 68800 13320
0b004a01 0b001a01 10000 100 50657 2003837319 78569 16728
0b002e01 0b004501 10000 100 3566441 2003470038 491117 311492
0b001301 0b002501 10000 100 109312 2003893789 82206 17487
0b003601 0b001201 10000 100 229068 2003905896 111751 27528
0b003e01 0b001301 10000 100 38633 2003972062 61019 11560
0b003b01 0b004901 10000 100 9380077 2002472453 1567924 798909
0b001001 0b000301 10000 100 22476 2003970175 74830 10206
0b003d01 0b000201 10000 100 431911 2003842596 203712 44531
0b003c01 0b004501 10000 100 683 2004034080 12613 12538
0b004301 0b000e01 10000 100 67447 2003973096 87163 18136
0b001301 0b003601 10000 100 190950 2003978778 98676 24329
0b003801 0b002501 10000 100 4546060 2002747784 1331895 389465
0b004301 0b003401 10000 100 7041 2004040177 46060 13074
0b003001 0b003501 10000 100 26332 2004056858 51344 6370
0b003401 0b002f01 10000 100 6528 2004076335 36975 8869
0b003801 0b003701 10000 100 6489353 2002527574 1598529 548229
0b000601 0b001d01 10000 100 59130 2004037692 105686 13280
0b004001 0b000901 10000 100 815582 2003869907 287887 80860
0b004d01 0b002d01 10000 100 577863 2003960955 205988 60928
0b004c01 0b000201 10000 100 57911 2004065596 114101 17335
0b003801 0b001501 10000 100 6521187 2002497453 1694979 555059
0b001301 0b003b01 10000 100 26034 2004157564 54865 10506
0b001f01 0b000301 10000 100 4976590 2003575860 678697 425558
0b002501 0b002c01 10000 100 193892 2004194029 73464 20416
0b001901 0b001d01 10000 100 1430824 2004084434 191479 124120
0b004d01 0b002b01 10000 100 41472 2004167495 117347 15959
0b001d01 0b004001 10000 100 121560 2004185859 137445 22673
0b002a01 0b003d01 10000 100 2054 2004307847 25353 8495
0b001e01 0b004401 10001 100 2755 2004299068 42044 12711
0b003701 0b000e01 10000 100 133759 2004235528 112233 19535
0b002c01 0b002301 10000 100 4287617 2003841945 550061 363635
0b001501 0b000201 10000 100 3246040 2003771999 626944 280471
0b001801 0b000e01 10000 100 879 2004413969 10571 8394
0b000601 0b001701 10000 100 1827 2004405669 21481 8473
0b000d01 0b004201 10000 100 49401 2004305818 121740 16624
0b000e01 0b003d01 10000 100 217847 2004325238 103443 26584
0b002d01 0b004b01 10000 100 70433 2004330437 136868 18387
0b004701 0b000b01 10000 100 2972 2004438610 54890 12729
0b001801 0b004801 10000 100 6803 2004487221 58519 13051
0b004901 0b003401 10001 100 2232154 2003937313 609344 199627
0b004c01 0b000401 10000 100 11287 2004484305 94246 13429
0b004f01 0b001501 10000 100 68430 2004491851 96817 18219
0b004e01 0b004d01 10000 100 67287 2004567021 52499 9804
0b004b01 0b004d01 10000 100 4242 2004608729 18180 4518
0b001801 0b004001 10000 100 158411 2004545244 105740 25763
0b004501 0b001701 10000 100 43101 2004598533 75496 16097
0b001b01 0b004f01 10000 100 9373 2004650060 71894 13268
0b004a01 0b001901 10001 100 8937 2004690410 48710 13229
0b001e01 0b001501 10000 100 60287 2004690544 55512 9217
0b002901 0b002601 10000 100 684102 2004489399 269113 61518
0b001101 0b001901 10000 100 8684 2004738972 24431 4889
0b004f01 0b003901 10000 100 5911 2004709035 61077 12975
0b000501 0b001701 10000 100 46025 2004660170 116855 12182
0b001a01 0b003001 10000 100 64434 2004668876 108170 13724
0b000701 0b002901 10000 100 2905292 2004158922 630659 251902
0b002c01 0b001501 10000 100 1220441 2004598539 210181 110643
0b003f01 0b004b01 10000 100 71722 2004697774 119338 18494
0b004401 0b000c01 10000 100 1150796 2004443445 374926 108963
0b003701 0b002301 10000 100 37301 2004735457 86485 11450
0b000301 0b002601 10000 100 16485 2004723622 102845 9704
0b001801 0b000a01 10000 100 380756 2004705883 128496 40243
0b000801 0b000701 10000 100 386 2004835845 4181 4194
0b001301 0b001b01 10000 100 15605 2004822100 30656 5469
0b000901 0b004401 10000 100 3937234 2004043413 816480 342580
0b003001 0b001b01 10000 100 38707 2004830758 105836 11566
0b001a01 0b004401 10000 100 655331 2004572790 374624 67425
0b001a01 0b002701 10000 100 4176 2004922157 32276 8673
0b002e01 0b002501 10000 100 38070 2004945900 41976 7355
0b000301 0b004101 10001 100 461992 2004699533 291872 51213
0b004201 0b000601 10000 100 65128 2004798153 200212 17943
0b001301 0b000e01 10000 100 30088 2004942082 68246 10846
0b003b01 0b003801 10000 100 59797 2004971982 49939 9174
0b004d01 0b000b01 10000 100 122634 2004851288 195343 22763
0b002701 0b002601 10000 100 3719266 2004231401 835598 315986
0b001c01 0b003901 10000 100 41490 2005026437 62378 11800
0b001a01 0b000701 10000 100 782859 2004932027 160663 73955
0b000f01 0b004e01 10000 100 905 2005073286 28266 12556
0b002101 0b000a01 10000 100 227503 2004958370 148489 27395
0b002201 0b001101 10000 100 9255 2005058442 53862 9098
0b002801 0b003901 10000 100 56933 2005051630 83453 13093
0b003501 0b000201 10001 100 857598 2004774524 377742 80222
0b003901 0b002301 10000 100 4324555 2004098014 1071995 370892
0b003201 0b004801 10000 100 4507 2005145811 39804 12859
0b002401 0b001901 10000 100 28296 2005145129 56796 10695
0b001901 0b003101 10000 100 1949 2005159710 48785 8483
0b000f01 0b001f01 10001 100 29078 2005136421 78277 10761
0b003701 0b003101 10000 100 2284080 2004925151 304052 195660
0b004c01 0b000201 10001 100 1226637 2004738258 531788 115322
0b002801 0b002001 10000 100 62363 2005220726 49484 9390
0b000f01 0b000501 10001 100 14029 2005241496 29807 5339
0b004101 0b002801 10000 100 101756 2005063069 214442 21012
0b000e01 0b004701 10000 100 4456564 2004144002 1135534 386120
0b000801 0b002b01 10000 100 8737293 2003707513 1572699 740857
0b003b01 0b000201 10000 100 4718009 2004343346 941313 403881
0b001601 0b003301 10000 100 21846 2005281293 51879 10152
0b000001 0b003401 10000 100 84031 2005268314 80240 15368
0b004101 0b004201 10000 100 6400173 2004517756 840472 540753
0b003a01 0b003801 10000 100 2335713 2005078559 287168 199987
0b003101 0b002601 10000 100 32296 2005274555 96019 11030
0b003801 0b002801 10000 100 19537 2005291837 90215 9959
0b003001 0b002601 10000 100 376891 2005192971 190143 39918
0b004701 0b000e01 10000 100 23051 2005321061 65360 14416
0b002001 0b000501 10000 100 67490 2005285291 109033 13980
0b000f01 0b001601 10000 100 23603 2005341769 80995 10300
0b002f01 0b003001 10000 100 9213082 2003800302 1628988 780748
0b000c01 0b002b01 10000 100 579607 2005320649 171681 56915
0b001401 0b000201 10000 100 28307 2005393401 121146 10695
0b004501 0b001201 10000 100 2976 2005486111 29856 12729
0b000b01 0b002201 10000 100 19487 2005448856 70778 9955
0b003401 0b001501 10000 100 1567 2005502357 20666 8453
0b004401 0b002901 10000 100 3898307 2004426335 1097899 339316
0b004f01 0b002201 10001 100 17134 2005383162 158656 13919
0b000b01 0b003001 10001 100 13991 2005478431 78116 9493
0b000a01 0b001b01 10000 100 182643 2005405893 161349 23634
0b003b01 0b004301 10000 100 30781 2005446753 126706 15061
0b000501 0b001001 10000 100 1443 2005565942 32385 8443
0b003101 0b000501 10000 100 153279 2005476167 152254 21173
0b004801 0b003c01 10000 100 161872 2005492289 145250 26051
0b002501 0b001b01 10000 100 15964 2005582900 63832 9658
0b004701 0b002e01 10000 100 31200 2005550717 107748 15098
0b002c01 0b002f01 10000 100 69942 2005629744 52649 10024
0b000201 0b004501 10000 100 1736792 2005103706 621181 158093
0b000301 0b004801 10000 100 2459503 2004546694 1179569 218686
0b004e01 0b000a01 10000 100 1954219 2005205731 523611 176324
0b001c01 0b004301 10000 100 45277 2005609633 125334 16278
0b001101 0b001c01 10000 100 4831523 2004992462 742779 409236
0b002701 0b002301 10000 100 3560347 2004889820 845538 302662
0b001a01 0b001f01 10000 100 1768458 2005505268 230788 152429
0b001b01 0b004a01 10000 100 6538 2005652906 89998 13029
0b003401 0b002401 10000 100 1784355 2005240107 506143 157922
0b003901 0b000201 10000 100 67256 2005607485 140769 13961
0b004601 0b002401 10000 100 2231614 2004840068 916512 199580
0b003c01 0b000701 10000 100 239411 2005585524 171981 28394
0b001d01 0b004c01 10000 100 4554275 2004694879 1077004 394313
0b004001 0b002701 10000 100 44003 2005640807 142662 16173
0b004c01 0b002f01 10000 100 33943 2005686981 113809 15326
0b002101 0b003001 10000 100 911689 2005433503 376529 84757
0b002601 0b002f01 10000 100 7226543 2004439356 1382268 610035
0b000b01 0b004201 10001 100 787956 2005323972 510087 78542
0b000801 0b000501 10000 100 5246814 2005231458 613133 444053
0b004f01 0b004601 10000 100 138523 2005787306 69930 15775
0b002601 0b003d01 10000 100 6303561 2004374655 1488449 536812
0b001b01 0b000201 10000 100 440542 2005632427 245117 45256
0b002001 0b000001 10000 100 2434941 2005380115 498973 212465
0b000301 0b001701 10000 100 64319 2005797170 96767 13715
0b000801 0b002c01 10000 100 952674 2005675346 219482 88193
0b002c01 0b003101 10000 100 4545546 2005078038 844900 389420
0b001101 0b004701 10000 100 3679533 2005097362 846437 320973
0b000c01 0b003901 10000 100 60470 2005842062 120545 13391
0b002301 0b001401 10000 100 24179 2005898957 111191 10350
0b003301 0b004001 10000 100 5409758 2004430547 1581490 466035
0b002801 0b001801 10001 100 89552 2005939075 76546 15829
0b003201 0b002901 10000 100 60739 2005948963 67163 13413
0b004a01 0b002b01 10000 100 63719 2005885432 137969 17823
0b000a01 0b003901 10000 100 3790 2005965456 62179 8638
0b003401 0b003d01 10000 100 36348 2005994958 41274 7209
0b004b01 0b002501 10000 100 3874701 2005259912 781911 337336
0b003801 0b002c01 10000 100 26794 2005975251 73296 10567
0b003801 0b001401 10000 100 4957647 2005034522 1036799 423970
0b003901 0b003f01 10000 100 9024 2006066655 25462 4920
0b000d01 0b000b01 10000 100 5360 2006074937 20436 4611
0b000c01 0b002901 10001 100 35696 2006038223 60155 11313
0b003a01 0b002c01 10000 100 78201 2006030777 76923 14879
0b000c01 0b000901 10000 100 192256 2006032326 78143 20281
0b003701 0b001701 10000 100 41534 2006049679 64218 11804
0b002a01 0b003101 10000 100 47566 2005939085 176876 12309
0b003301 0b000501 10000 100 1987625 2005789200 367652 174963
0b001301 0b003801 10000 100 106894 2006100612 81229 17282
0b003701 0b004601 10000 100 2232678 2005770088 431382 199668
0b003301 0b001a01 10000 100 31453 2006106777 140180 10959
0b004301 0b003901 10001 100 5211 2006193355 61194 12919
0b001a01 0b001401 10000 100 77493 2006197030 75995 10658
0b001f01 0b001401 10000 100 7158638 2005147050 1129955 604341
0b002c01 0b000e01 10000 100 73352 2006198729 79470 14472
0b000901 0b004101 10000 100 162412 2006125213 157861 26098
0b003101 0b000901 10000 100 36313 2006194402 89857 11367
0b001501 0b001e01 10000 100 7241338 2004984433 1309490 611276
0b001401 0b002f01 10000 100 1496680 2005791986 510271 133802
0b000a01 0b000c01 10000 100 22640 2006268056 39158 6059
0b004601 0b004201 10000 100 3059370 2005573805 749584 260660
0b000a01 0b003301 10000 100 1008 2006291372 32498 8408
0b000b01 0b000c01 10000 100 44703 2006287801 47575 7909
0b001201 0b004b01 10000 100 59158 2006184832 166352 17443
0b000101 0b004801 10000 100 1286503 2005877453 493639 120342
0b002b01 0b004501 10000 100 157466 2006268293 122678 25684
0b001b01 0b002301 10000 100 40116 2006317668 84300 11686
0b001901 0b000601 10000 100 9541 2006347459 72914 9121
0b004001 0b002a01 10000 100 69953 2006210757 210819 18345
0b002d01 0b002201 10000 100 7646 2006427910 23331 4802
0b002f01 0b000301 10000 100 6205 2006396334 73173 8843
0b002701 0b004801 10000 100 7109 2006390784 87176 13079
0b004001 0b000501 10000 100 178396 2006310522 176480 27439
0b000201 0b002801 10000 100 65587 2006390826 102107 13820
0b002101 0b002301 10000 100 15511229 2004235727 2267416 1304624
0b004301 0b000d01 10000 100 35263 2006378408 133624 15439
0b000c01 0b000b01 10000 100 252145 2006425811 91253 25303
0b004f01 0b004601 10001 100 19597 2006494791 33474 5804
0b004201 0b003901 10000 100 2569700 2004911647 1624830 227924
0b001e01 0b000201 10000 100 8882 2006438932 99891 9065
0b000701 0b000b01 10000 100 25063 2006506155 37141 6264
0b000701 0b004701 10000 100 32776 2006424287 120638 15228
0b003c01 0b000201 10000 100 3947 2006510059 37494 8651
0b001a01 0b003f01 10000 100 456577 2005989318 606305 46601
0b001701 0b004201 10000 100 29813 2006491696 117518 14980
0b004001 0b003401 10000 100 58157 2006495484 122670 17359
0b000301 0b000701 10000 100 44107 2006584641 44089 7861
0b001601 0b000f01 10000 100 1161176 2006232916 406666 105676
0b002501 0b001001 10000 100 1488402 2006255868 383724 133109
0b002201 0b003d01 10000 100 6680 2006629397 44888 8881
0b003e01 0b004401 10000 100 9048 2006557110 118712 13242
0b000c01 0b003601 10000 100 2175698 2006000766 676459 190731
0b003c01 0b001601 10000 100 1489483 2006353536 325664 133200
0b001201 0b003601 10000 100 24428 2006563347 129288 10370
0b000001 0b004301 10000 100 5784 2006599513 93857 12965
0b004201 0b004701 10000 100 26300 2006657276 39238 6367
0b001101 0b001801 10000 100 3702332 2006307011 397980 314566
0b004b01 0b002301 10000 100 29947 2006611976 95385 14990
0b003501 0b001401 10000 100 48511 2006579272 133168 12389
0b004c01 0b000c01 10000 100 436 2006670741 45799 12518
0b001b01 0b003901 10000 100 3474564 2005035872 1681031 299629
0b003e01 0b004c01 10000 100 60030 2006597686 120997 17516
0b000b01 0b003601 10000 100 1829810 2005649453 1090218 161732
0b000b01 0b001701 10000 100 9074635 2004817269 1962741 769138
0b004101 0b003701 10000 100 3443870 2005771313 1011262 301214
0b002901 0b004601 10000 100 20511 2006702916 94792 14201
0b003201 0b001101 10001 100 3368 2006775419 28718 8604
0b001301 0b004c01 10000 100 22576 2006707737 96576 14374
0b004301 0b001701 10000 100 609958 2006542301 264424 63619
0b001a01 0b002101 10000 100 109142 2006697158 120758 17473
0b003c01 0b002b01 10000 100 29841 2006757220 73356 10822
0b004c01 0b004d01 10000 100 4332160 2006347003 497088 367371
0b002601 0b002a01 10000 100 6757191 2005867086 988557 570686
0b000b01 0b002001 10000 100 9657 2006831892 41884 9130
0b001901 0b002d01 10000 100 7800509 2005166528 1720319 662316
0b004001 0b001901 10000 100 6479 2006869603 64358 13025
0b002101 0b000f01 10000 100 26342 2006908247 54909 10531
0b003c01 0b001901 10000 100 113466 2006824292 147161 17835
0b002d01 0b002f01 10000 100 59258 2006922326 49286 9131
0b003b01 0b001101 10000 100 3644 2006947686 28831 8626
0b002301 0b003f01 10000 100 37702 2006922535 60711 11482
0b000e01 0b002f01 10000 100 15041 2006952536 47134 9584
0b004b01 0b004201 10000 100 2129296 2006621201 394953 182682
0b004701 0b004f01 10000 100 230159 2006943402 78372 23459
0b003201 0b004201 10000 100 606 2006995435 31186 12532
0b004f01 0b003601 10000 100 26035200 2002656127 4371462 2195274
0b000d01 0b003801 10000 100 147575 2006970492 99836 20694
0b001801 0b000301 10000 100 4967 2007056796 32290 8736
0b003f01 0b000101 10000 100 2583856 2006551317 566247 224951
0b000201 0b003c01 10000 100 526 2007119389 11589 8365
0b001401 0b004f01 10000 100 338402 2006960932 170627 40853
0b003c01 0b004501 10001 100 54082 2006997703 139851 17017
0b003a01 0b002201 10000 100 104932 2007057012 80953 17117
0b004401 0b003301 10000 100 29988 2006991481 155925 14994
0b001701 0b002801 10000 100 83608 2007093229 79933 15331
0b004501 0b000e01 10000 100 7087167 2005505974 1682810 606671
0b002201 0b001d01 10000 100 786932 2006848261 365537 74296
0b002a01 0b002501 10000 100 462862 2007057769 157276 42966
0b004e01 0b004601 10000 100 4501 2007211455 18462 4539
0b003c01 0b004801 10000 100 804722 2006771597 489967 79948
0b004601 0b003401 10000 100 5808984 2004610308 2683881 499505
0b003b01 0b000f01 10000 100 3506 2007275010 28615 8615
0b001c01 0b004801 10000 100 166513 2007134014 187634 26442
0b004b01 0b004401 10000 100 29749 2007313116 40499 6655
0b000001 0b004e01 10000 100 23034 2007271971 86759 14414
0b002201 0b000b01 10000 100 65674 2007230165 128659 13827
0b004801 0b003a01 10000 100 1718069 2006768180 599390 156526
0b000801 0b003f01 10000 100 173333 2007235981 131934 22854
0b002201 0b004301 10000 100 52533 2007250881 138341 16886
0b002001 0b003001 10000 100 52900 2007311528 94901 12755
0b001301 0b003d01 10000 100 510883 2007180855 231222 51152
0b002001 0b003301 10000 100 42112 2007323260 92106 11854
0b002601 0b004101 10000 100 60120 2007282017 153166 17523
0b000701 0b003401 10000 100 28334 2007418063 65978 10698
0b003c01 0b004501 10002 100 1074256 2007170513 315965 102548
0b003b01 0b004401 10000 100 3353 2007455853 35798 12763
0b002201 0b003b01 10000 100 26758 2007437438 55582 10564
0b001701 0b001101 10000 100 3433571 2007121332 374143 292032
0b000f01 0b004401 10000 100 29099 2007432019 74561 14923
0b001a01 0b001401 10001 100 46676 2007463282 44899 8074
0b001301 0b004901 10000 100 1737302 2006781145 732483 158138
0b003701 0b001b01 10000 100 638363 2007262482 255699 61842
0b003b01 0b001d01 10000 100 11409 2007443186 75981 9278
0b002901 0b003901 10001 100 37719 2007455724 65808 11483
0b002b01 0b003801 10000 100 42623 2007450228 73005 11894
0b004b01 0b003901 10000 100 2932649 2006014042 1524547 258354
0b003901 0b001901 10000 100 1938395 2007000646 538006 170837
0b000d01 0b004e01 10000 100 1892921 2006855112 699081 171182
0b001f01 0b001801 10000 100 1746891 2007342276 220036 150619
0b000601 0b000801 10000 100 5775738 2006974247 588589 488398
0b001401 0b001901 10000 100 3959284 2006926251 647410 336109
0b001301 0b001b01 10001 100 1064100 2007419490 172075 93377
0b000401 0b000e01 10000 100 189090 2007530071 72705 20016
0b004101 0b003501 10000 100 754902 2007244095 359485 75771
0b004301 0b004801 10000 100 1207019 2007390623 252607 105360
0b000d01 0b004901 10000 100 27607 2007518897 130230 14796
0b001401 0b004b01 10000 100 6393 2007583872 67939 13018
0b002501 0b003701 10000 100 54760 2007592116 67232 12912
0b002a01 0b004301 10000 100 9222896 2004986667 2681750 785728
0b004801 0b001b01 10000 100 117369 2007534441 162725 22322
0b000701 0b004301 10000 100 45091 2007608078 90693 16263
0b000a01 0b002c01 10000 100 246442 2007536190 218587 28983
0b000e01 0b002001 10000 100 196230 2007606897 192545 24774
0b003101 0b003201 10000 100 112694 2007736411 64395 13609
0b000e01 0b001201 10000 100 23349 2007722110 101851 10280
0b002801 0b000b01 10000 100 1127 2007793300 32542 8417
0b002101 0b001c01 10000 100 499944 2007642962 191422 50235
0b002701 0b004301 10000 100 7422311 2006130832 1703692 634769
0b004301 0b003301 10000 100 7337532 2004932967 2907480 627660
0b002801 0b000a01 10000 100 25334 2007786214 58152 10446
0b002601 0b000801 10000 100 121229 2007767621 86936 18486
0b002601 0b003701 10000 100 2035776 2007463838 397940 179000
0b004801 0b003301 10000 100 45258 2007736067 131272 16277
0b000701 0b003201 10000 100 26124 2007816032 53470 10513
0b001401 0b002a01 10000 100 1107477 2007459417 426289 101172
0b003001 0b001301 10001 100 11459763 2006166203 1734085 969107
0b004101 0b000001 10000 100 722323 2007506261 410204 73042
0b004101 0b003f01 10000 100 77132 2007802528 120243 18950
0b000e01 0b001101 10000 100 22473 2007878670 53105 10206
0b002e01 0b002201 10000 100 3159 2007916815 15987 4428
0b003a01 0b001501 10000 100 1294910 2007609176 324876 116885
0b004501 0b000101 10000 100 791056 2007676631 273060 78805
0b000f01 0b000901 10000 100 8566 2007958909 24490 4879
0b004c01 0b002101 10000 100 30495 2007923701 79030 15038
0b001601 0b002c01 10000 100 9988062 2006610734 1392381 845722
0b004901 0b000b01 10000 100 9306072 2006085924 1939253 792704
0b002201 0b004e01 10000 100 5660 2008001576 42169 12955
0b004101 0b004701 10000 100 66804 2007992318 53840 9761
0b004601 0b003901 10000 100 5195533 2006780361 1267273 448075
0b002101 0b004601 10000 100 95275 2007892061 171938 20470
0b002301 0b000d01 10000 100 14147 2008008402 55825 9509
0b002301 0b004d01 10000 100 7349 2008000639 67011 13098
0b001a01 0b000301 10000 100 56834 2008001530 70159 13085
0b000901 0b000c01 10000 100 1768148 2007752222 319590 152404
0b002c01 0b004601 10000 100 23803 2007974265 134269 14476
0b001601 0b000c01 10000 100 1442806 2007760058 361971 129285
0b002801 0b003901 10001 100 27767 2008093936 58517 10648
0b001301 0b001401 10000 100 74997 2008101422 52609 10447
0b003101 0b002801 10000 100 74406 2008082857 73650 14560
0b002801 0b000201 10000 100 92921 2008060540 129089 16110
0b002801 0b002c01 10000 100 67965 2008153039 50932 9858
0b000001 0b001c01 10000 100 9683 2008164304 42087 9133
0b002101 0b001201 10000 100 3674204 2007349549 861797 316368
0b002d01 0b001201 10000 100 535960 2007968609 257257 53255
0b002c01 0b003301 10000 100 42239 2008159728 68756 11864
0b001b01 0b004301 10000 100 298828 2007986129 242999 37534
0b004601 0b002601 10000 100 16926473 2003821272 4409990 1431597
0b002901 0b001a01 10000 100 18124 2008203351 50161 9842
0b003a01 0b000b01 10000 100 5036 2008232560 34505 8745
0b000701 0b004001 10000 100 1187567 2007766450 511064 112047
0b003701 0b004301 10000 100 22790 2008155375 130868 14391
0b004201 0b004d01 10000 100 119965 2008201655 100565 14218
0b003d01 0b003101 10000 100 678609 2008180696 124238 61056
0b002901 0b002b01 10000 100 17619 2008273089 32198 5638
0b003201 0b004b01 10000 100 3626819 2007819991 485436 316553
0b001601 0b001e01 10000 100 44227 2008266093 44275 7870
0b003a01 0b004901 10000 100 785 2008301127 19087 12546
0b000b01 0b002001 10001 100 30479 2008152839 196296 10877
0b001301 0b000101 10001 100 4784 2008319473 32145 8721
0b002601 0b004d01 10000 100 8394 2008289705 66834 13186
0b000d01 0b001b01 10000 100 1174019 2008043885 330064 106753
0b001501 0b003a01 10000 100 9394380 2006521901 1861731 795947
0b002f01 0b002401 10001 100 2033018 2008120486 263549 174612
0b004001 0b000101 10000 100 690365 2008214950 230923 70362
0b004d01 0b004901 10000 100 16777144 2006285961 2171873 1410759
0b000901 0b002a01 10000 100 3986 2008412006 53038 8654
0b003d01 0b000e01 10000 100 5393 2008407141 59052 8774
0b003d01 0b003701 10000 100 34381 2008428454 45554 7044
0b000101 0b003801 10000 100 30250 2008384834 92880 10859
0b003101 0b003f01 10001 100 630 2008474011 4144 4214
0b003501 0b003901 10000 100 390 2008483507 4120 4195
0b000d01 0b002601 10000 100 1155 2008469895 29064 8420
0b002a01 0b003201 10000 100 170282 2008401614 98011 22599
0b001401 0b003701 10000 100 70338 2008428317 72367 14219
0b003301 0b001201 10000 100 95223 2008424364 82784 16306
0b000701 0b003601 10000 100 1937619 2008017419 491941 170771
0b004e01 0b001401 10000 100 594952 2008261645 254276 62360
0b001501 0b000101 10000 100 26098315 2004073320 4445828 2196405
0b001e01 0b001501 10001 100 6318766 2007797758 723335 533926
0b002901 0b001501 10000 100 23909 2008437826 91717 10324
0b004e01 0b002a01 10000 100 24937575 2003342543 5222959 2103247
0b001901 0b004a01 10000 100 69528 2008457427 120221 18311
0b003701 0b003201 10000 100 3937 2008562018 16229 4490
0b004101 0b004f01 10000 100 9114496 2007028441 1552974 768321
0b003d01 0b001401 10000 100 7840 2008545299 38041 8977
0b001201 0b004401 10000 100 4245973 2007406425 1193996 368462
0b004401 0b004e01 10000 100 2357508 2008324647 288851 201815
0b001f01 0b001d01 10000 100 51308 2008569828 46348 8464
0b002701 0b001b01 10000 100 44123 2008552333 64252 12022
0b001c01 0b001701 10000 100 63276 2008570419 49735 9467
0b000e01 0b002701 10000 100 10686 2008570005 68635 9217
0b001a01 0b000e01 10000 100 1996721 2008122868 518615 175726
0b004d01 0b003701 10000 100 59742 2008533825 116681 17489
0b003701 0b003501 10000 100 9037116 2007767312 887983 761835
0b002d01 0b000401 10000 100 152013 2008568197 98525 21068
0b002501 0b000501 10000 100 4831 2008640677 32208 8725
0b002601 0b004701 10000 100 23521 2008611632 65577 14453
0b001b01 0b004001 10000 100 304069 2008491649 187003 37976
0b001001 0b003d01 10000 100 51874 2008625857 74862 12669
0b001b01 0b002401 10000 100 69775 2008637798 71896 14170
0b002901 0b000901 10001 100 685370 2008448297 266972 65783
0b002a01 0b002101 10000 100 26698137 2005083241 3637333 2242535
0b003a01 0b004301 10000 100 57337 2008648497 83904 17289
0b002701 0b004201 10000 100 23085359 2003911717 4878027 1947958
0b002601 0b003401 10000 100 1266264 2008579977 218474 114486
0b003d01 0b003001 10000 100 26496 2008765090 37087 6383
0b001e01 0b001601 10000 100 48833 2008778504 45503 8254
0b000c01 0b001f01 10000 100 425319 2008691357 140118 43981
0b000401 0b000f01 10000 100 907023 2008697893 145363 80208
0b000a01 0b002901 10000 100 8179471 2007397391 1449050 694088
0b001f01 0b004401 10000 100 48087 2008762021 85357 16515
0b001801 0b004101 10000 100 5474 2008799352 49636 12940
0b004101 0b004201 10001 100 4890464 2007921652 955084 414178
0b003101 0b002d01 10000 100 74888 2008761567 158600 14599
0b002901 0b004301 10000 100 54561 2008866181 80028 17056
0b004e01 0b001f01 10000 100 7246 2008898444 48258 13090
0b004401 0b004701 10000 100 1719033 2008740003 223462 148287
0b004201 0b003a01 10000 100 14208 2008917852 87450 13674
0b003701 0b000701 10000 100 76084 2008959894 73405 14702
0b002601 0b003601 10000 100 28331 2008978659 55879 10697
0b002501 0b002c01 10001 100 861065 2008898371 139460 76355
0b001001 0b003201 10000 100 38753 2008978343 61907 11570
0b002f01 0b002b01 10000 100 93805 2008987810 56853 12025
0b004b01 0b004d01 10001 100 69795 2008991513 53769 10012
0b000101 0b002901 10000 100 382010 2008852772 193953 40351
0b003501 0b004101 10000 100 71818 2008943343 116810 18501
0b001901 0b000e01 10000 100 11587 2009001898 60091 9293
0b000e01 0b003501 10000 100 58290 2009003804 86283 13209
0b003e01 0b003801 10000 100 736253 2008984433 143003 65890
0b000d01 0b004f01 10000 100 8541681 2007039908 2090585 728615
0b004b01 0b002901 10000 100 14418 2009052212 96500 13691
0b000901 0b003201 10000 100 85840 2009100164 76643 15517
0b000401 0b002901 10000 100 87529 2009058776 124646 15660
0b002001 0b002201 10000 100 62474 2009155944 49512 9399
0b004801 0b000d01 10000 100 23028 2009099894 107975 14414
0b003f01 0b000f01 10000 100 572 2009187369 21202 8369
0b002d01 0b001501 10000 100 314069 2009048395 165053 34655
0b002601 0b000901 10001 100 3603 2009202606 30552 8623
0b004101 0b004601 10000 100 16462 2009205962 31407 5542
0b002001 0b002601 10000 100 28128 2009216685 37914 6521
0b001701 0b001601 10000 100 27995 2009223051 37562 6507
0b004b01 0b000201 10000 100 4252880 2008531626 735390 369041
0b000101 0b001601 10000 100 1006 2009252433 16738 8408
0b001901 0b000701 10000 100 74860 2009194949 77825 14596
0b002401 0b002d01 10000 100 27830652 2006556627 2731524 2337483
0b001601 0b003701 10000 100 59233 2009232053 68381 13289
0b003e01 0b004601 10000 100 8627229 2006724265 2578124 735789
0b000e01 0b002001 10001 100 20701 2009257889 56112 10056
0b003d01 0b004501 10000 100 70939 2009182664 132715 18427
0b003301 0b004f01 10000 100 3865940 2008328183 987900 336600
0b003f01 0b002601 10000 100 1030718 2008895525 424094 94736
0b004901 0b001201 10000 100 502223 2009028375 294853 54589
0b003401 0b004b01 10000 100 2992577 2008174003 1158274 263379
0b002b01 0b002c01 10000 100 29751 2009300543 38443 6655
0b004a01 0b002e01 10000 100 1475725 2008909432 443421 136205
0b004a01 0b000e01 10000 100 376753 2009058857 296440 44067
0b000101 0b000901 10000 100 3096415 2009018123 344174 263765
0b000401 0b003b01 10000 100 178560 2009269835 93479 23292
0b000501 0b003901 10001 100 16926 2009286867 88544 9739
0b000b01 0b002501 10000 100 12828 2009334396 54298 9396
0b004b01 0b000701 10000 100 394483 2009130169 282338 45555
0b000e01 0b001301 10000 100 9762 2009372010 41949 9139
0b001301 0b002001 10000 100 3121 2009416856 28576 8585
0b004201 0b004901 10000 100 1965 2009457144 8532 4324
0b004201 0b000901 10000 100 49541 2009386022 80147 16635
0b001a01 0b002201 10000 100 23329 2009393493 86753 10278
0b002f01 0b004401 10000 100 4504 2009452503 54911 12859
0b003101 0b001201 10000 100 23824887 2005320259 4256579 2005798
0b002f01 0b003901 10000 100 3642 2009561843 27374 8626
0b003e01 0b002201 10000 100 42576 2009534744 64932 11891
0b000b01 0b004301 10000 100 87793 2009472321 129185 19841
0b003301 0b001901 10000 100 5040567 2008236531 1379940 430922
0b004601 0b004d01 10001 100 106450 2009601556 59523 13086
0b000c01 0b001c01 10000 100 76266 2009604213 74507 14716
0b000801 0b001801 10000 100 2204 2009660778 23265 8507
0b002001 0b002a01 10001 100 15300 2009674599 30608 5445
0b001101 0b004b01 10000 100 11850 2009626621 78772 13474
0b002e01 0b000701 10000 100 2979415 2009175132 531764 258116
0b000b01 0b003e01 10000 100 1446231 2008674207 1061014 129574
0b004701 0b001f01 10000 100 891970 2009377999 357408 87262
0b003101 0b004b01 10000 100 71329 2009652753 85579 18462
0b000101 0b001301 10000 100 46027 2009696911 64040 12182
0b003a01 0b003b01 10000 100 2364242 2009353792 415243 202380
0b001401 0b004501 10000 100 6628 2009746668 63731 13037
0b002d01 0b000401 10001 100 106521 2009683567 126981 17252
0b001901 0b002a01 10000 100 73026 2009724385 88003 14446
0b004d01 0b004f01 10000 100 62202 2009805829 53298 9378
0b004b01 0b000801 10000 100 5689 2009820701 42906 12958
0b000f01 0b003001 10000 100 5478321 2008742111 1130183 467625
0b004b01 0b000e01 10000 100 182922 2009675786 207434 27816
0b002601 0b001001 10000 100 22074 2009792927 96543 10174
0b000301 0b001601 10000 100 530 2009846796 47379 8366
0b002a01 0b002101 10001 100 1645417 2008953271 944508 142114
0b002c01 0b001801 10000 100 1080739 2009693061 208961 98930
0b002d01 0b001a01 10000 100 41366 2009861711 65697 11790
0b003401 0b002e01 10000 100 1043418 2009702521 238121 95802
0b001401 0b000201 10001 100 757985 2009667800 273027 71869
0b000a01 0b004701 10000 100 13089 2009880732 60853 13580
0b000201 0b003e01 10000 100 29366 2009864546 84931 10784
0b002701 0b003801 10000 100 157001 2009853462 114991 21486
0b000e01 0b004c01 10000 100 29003927 2004567349 5410134 2444169
0b004101 0b002301 10001 100 3330980 2009112351 887306 291749
0b001901 0b002d01 10001 100 852986 2009682440 320205 79834
0b000801 0b000901 10000 100 30465 2009969125 39655 6716
0b001001 0b002f01 10000 100 8029213 2008538667 1481578 681492
0b001f01 0b001401 10001 100 71563 2009972140 51813 10161
0b003601 0b004a01 10000 100 42806 2009905827 119966 16069
0b001b01 0b000301 10000 100 23634 2009915619 112707 10302
0b004701 0b003201 10000 100 4462859 2008795262 1268274 386646
0b001c01 0b000a01 10000 100 35483 2009962137 118004 11296
0b001a01 0b001301 10000 100 480253 2009984477 104730 44427
0b002901 0b002801 10000 100 935291 2009887164 204337 82577
0b004501 0b002d01 10000 100 24558 2010050827 65306 14540
0b001e01 0b002c01 10000 100 3611 2010079130 37587 8624
0b000801 0b003901 10000 100 2268718 2009651073 467699 198530
0b000501 0b002801 10000 100 1465188 2009740869 386698 131164
0b001f01 0b000201 10000 100 42344 2010058769 78897 11872
0b001001 0b003601 10001 100 13466 2010113735 47197 9451
0b000201 0b003101 10000 100 46691 2010097567 69182 12235
0b004801 0b000801 10000 100 1385119 2009842250 326927 128611
0b002201 0b001501 10000 100 2808536 2009685494 488049 243789
0b002001 0b002301 10000 100 25226 2010153583 36490 6277
0b001c01 0b002101 10001 100 7106 2010179609 38328 8919
0b004c01 0b004b01 10000 100 70319 2010185450 51528 10058
0b003501 0b000c01 10000 100 14070 2010217619 46630 9503
0b002601 0b001f01 10001 100 9835 2010239782 41002 9145
0b001b01 0b003b01 10000 100 3483177 2009514461 771750 300352
0b004b01 0b002c01 10000 100 1993 2010262978 46681 12647
0b000501 0b003401 10000 100 3781 2010281926 37604 8637
0b001001 0b000301 10001 100 1345405 2009889992 437615 121121
0b002101 0b001b01 10001 100 67831 2010296738 71085 14007
0b002801 0b004c01 10000 100 1680 2010412661 37396 12622
0b002701 0b000201 10000 100 807 2010442772 8507 8388
0b004f01 0b003201 10001 100 37130 2010367455 86450 15596
0b002301 0b002801 10000 100 1442425 2010284153 192894 125095
0b001301 0b004401 10000 100 1518 2010444156 44726 12609
0b001301 0b001701 10000 100 32366 2010458878 39671 6876
0b003801 0b001d01 10000 100 9050 2010471445 40024 9082
0b000301 0b003501 10000 100 27966 2010459755 62020 10664
0b004a01 0b002001 10000 100 1412 2010508922 34292 12600
0b000e01 0b001601 10000 100 1155061 2010204991 341380 105163
0b002301 0b000501 10000 100 39810 2010431937 128480 11658
0b000301 0b003c01 10000 100 36127 2010533328 65426 11352
0b004f01 0b002101 10000 100 29332 2010489714 112120 14941
0b002701 0b000201 10001 100 57520 2010564297 67851 13144
0b003201 0b000601 10000 100 27037 2010537343 106249 10590
0b003401 0b003001 10000 100 3187918 2010259528 410597 271435
0b002b01 0b001d01 10000 100 4325014 2010171553 501492 370932
0b000901 0b003d01 10000 100 30849 2010576334 106741 10906
0b001901 0b000301 10001 100 66290 2010595572 124289 13880
0b004001 0b003001 10000 100 21823 2010639180 98110 14310
0b004f01 0b000e01 10000 100 3378486 2009718684 1021408 295734
0b001101 0b003701 10000 100 2313186 2010223959 517733 202260
0b000301 0b000501 10000 100 7942431 2009154938 1599308 670055
0b004401 0b001c01 10000 100 112641 2010601971 193327 21925
0b002e01 0b004901 10000 100 46200 2010734457 76910 16356
0b004801 0b004b01 10000 100 4671410 2010337487 486492 395813
0b004c01 0b001801 10000 100 513660 2010538056 286820 55546
0b001e01 0b002301 10000 100 7637 2010809656 37905 8961
0b001601 0b004a01 10001 100 40150 2010753482 103151 15849
0b000001 0b002201 10001 100 1622372 2010367054 490649 144342
0b001701 0b002201 10000 100 514270 2010670497 191184 51439
0b002901 0b000d01 10000 100 20060 2010812453 78397 10005
0b003501 0b004c01 10000 100 22100 2010822150 75489 14336
0b000801 0b000001 10000 100 66536 2010847206 55523 9740
0b004101 0b001f01 10001 100 678261 2010744283 195614 69348
0b004d01 0b000e01 10000 100 4432868 2009352933 1603392 384132
0b001201 0b004401 10001 100 54081 2010875046 81311 17017
0b001301 0b002401 10000 100 39545 2010900582 61555 11637
0b000601 0b001f01 10000 100 556562 2010640798 335433 54983
0b001201 0b000f01 10000 100 2289226 2010537197 450638 200251
0b004d01 0b001c01 10000 100 4212273 2009369271 1640904 365639
0b002701 0b001d01 10000 100 808773 2010798011 217172 76128
0b001901 0b000301 10000 100 21732948 2007682736 3348741 1830410
0b002401 0b003a01 10000 100 4038935 2010477912 582939 346944
0b000b01 0b000301 10000 100 8452078 2009369409 1710028 712785
0b000f01 0b000201 10000 100 144930 2011016982 66063 16311
0b001201 0b002a01 10000 100 73045 2011033792 74808 14447
0b003c01 0b003301 10001 100 22268 2011087550 34963 6029
0b002001 0b002501 10000 100 796 2011133506 4170 4227
0b001e01 0b001601 10001 100 2288786 2010871018 269367 196052
0b000e01 0b001001 10000 100 6100802 2009988187 1155649 519812
0b003501 0b002201 10000 100 56932 2011091736 67843 13093
0b004d01 0b002c01 10000 100 3719029 2009868911 1297985 324287
0b004a01 0b001d01 10000 100 23584 2011106176 66930 14458
0b003101 0b001201 10001 100 1695403 2010719158 456295 150464
0b001d01 0b000501 10000 100 5231257 2009552799 1625327 446911
0b004901 0b004701 10000 100 5435 2011162647 20369 4617
0b003401 0b000c01 10001 100 931943 2010753545 435085 86454
0b004001 0b000b01 10000 100 25922 2011138932 68734 14653
0b003101 0b004801 10000 100 1727933 2010733373 481961 157350
0b003401 0b003301 10000 100 2270522 2010563964 676972 194522
0b003201 0b002301 10000 100 9233 2011204202 40841 9097
0b000b01 0b003c01 10000 100 1262033 2010954481 292321 114132
0b001301 0b000d01 10000 100 5843 2011221986 37392 8810
0b004401 0b004a01 10000 100 43808 2011258257 43863 7833
0b002e01 0b002401 10000 100 857589 2011179112 140542 76061
0b004101 0b004001 10000 100 4700449 2010835345 502333 398247
0b004f01 0b001001 10000 100 74062 2011227519 125683 18692
0b001201 0b000801 10000 100 69696 2011287321 73680 14164
0b000c01 0b000001 10000 100 24840852 2009004454 2377408 2086817
0b004e01 0b003d01 10000 100 32710 2011323503 97645 15223
0b003401 0b000c01 10000 100 3262240 2010399472 1031377 281829
0b002801 0b001a01 10000 100 1489057 2010982944 466052 133166
0b000001 0b002001 10000 100 7543 2011415953 41768 8954
0b001e01 0b002101 10000 100 199482 2011255558 210085 25046
0b001a01 0b001001 10000 100 984222 2011309459 157248 86680
0b004101 0b002301 10002 100 26938 2011417842 90921 14738
0b004b01 0b002201 10000 100 1249224 2011174796 377728 117217
0b000801 0b003501 10001 100 49584 2011488867 65159 12478
0b004d01 0b002701 10000 100 69216 2011373974 187559 18286
0b004601 0b000901 10000 100 388 2011560767 21274 12514
0b000701 0b001301 10000 100 44097 2011484611 109945 12020
0b003301 0b004701 10001 100 23163 2011509334 85946 14425
0b001401 0b004801 10000 100 2618 2011567161 34241 12700
0b004b01 0b003701 10000 100 19790 2011528316 78710 14140
0b004601 0b001801 10000 100 1324770 2011114205 493976 123549
0b001201 0b002201 10000 100 7572 2011539344 71619 8956
0b000001 0b002101 10000 100 12501 2011585100 44659 9370
0b000001 0b000301 10000 100 24006 2011626815 36177 6176
0b001201 0b004601 10000 100 2460647 2011024445 648489 218782
0b004301 0b000b01 10000 100 7914709 2009507907 2190864 676050
0b004b01 0b002701 10000 100 20993 2011630674 70547 14240
0b001601 0b001901 10000 100 202314 2011630398 74540 21124
0b000e01 0b002a01 10001 100 750597 2011500224 221647 71251
0b003101 0b003e01 10000 100 18091 2011706680 32571 5680
0b001301 0b002601 10000 100 9057 2011687441 69776 9082
0b000501 0b001b01 10000 100 251534 2011608298 155493 29410
0b000501 0b004701 10000 100 4110929 2010940999 844541 357140
0b004d01 0b002201 10000 100 18530998 2006640973 5148922 1566118
0b000c01 0b003401 10000 100 10790 2011742459 50910 9225
0b004101 0b003a01 10000 100 3741 2011747494 47247 12794
0b004601 0b001001 10000 100 11432 2011702697 101778 13440
0b004201 0b003b01 10000 100 9542533 2009228151 2580867 812527
0b000e01 0b003b01 10000 100 50904 2011698192 113843 12588
0b004001 0b002801 10000 100 3045079 2011003232 813774 267782
0b002f01 0b004a01 10000 100 192697 2011710166 124726 28636
0b002501 0b000d01 10000 100 2746 2011780519 68228 8551
0b000901 0b002701 10000 100 4623 2011822109 32041 8709
0b003201 0b000f01 10000 100 20738 2011781923 91049 10059
0b000b01 0b000801 10000 100 23701 2011771769 101527 6148
0b002601 0b003a01 10000 100 408925 2011730004 168083 42604
0b002c01 0b002601 10001 100 66219 2011887823 50505 9714
0b002901 0b000d01 10001 100 355654 2011751276 189946 38139
0b000a01 0b000401 10000 100 7691518 2011220350 760992 649018
0b003a01 0b003b01 10001 100 2466 2011977086 12526 4368
0b001e01 0b004a01 10000 100 35925 2011895706 115592 15492
0b001801 0b004201 10000 100 6241 2011941032 74082 13006
0b002c01 0b002001 10000 100 43698 2012004203 43847 7824
0b001301 0b002901 10000 100 511337 2011802287 276956 51193
0b003401 0b001c01 10000 100 7928668 2010710684 1380559 673060
0b004501 0b001b01 10000 100 523466 2011902140 197564 56369
0b000301 0b000c01 10000 100 507183 2012014042 112818 46685
0b000101 0b001101 10000 100 1645453 2011505391 627620 146276
0b002901 0b003901 10002 100 73704 2011932310 210970 14500
0b001f01 0b001901 10000 100 1971496 2011737881 425133 169452
0b001201 0b001f01 10000 100 7252 2012151420 23297 4770
0b004a01 0b000e01 10001 100 41119 2012025405 150363 15930
0b000f01 0b000c01 10000 100 641749 2012060909 123565 57965
0b001a01 0b000901 10000 100 40879 2012116044 79946 11747
0b001c01 0b003701 10000 100 15076832 2009564912 2642752 1272362
0b002d01 0b002001 10000 100 39503 2012073249 155285 7473
0b004a01 0b003a01 10000 100 3352 2012185645 55604 12763
0b001301 0b003a01 10000 100 3659368 2011370165 875961 315123
0b002601 0b004101 10001 100 5763 2012150886 96283 12964
0b002101 0b001c01 10001 100 22394 2012129659 130134 10199
0b002401 0b004a01 10000 100 2785443 2011675376 592285 246013
0b001e01 0b002d01 10000 100 67762 2012191175 79024 14002
0b001401 0b004901 10000 100 11305 2012185511 100732 13430
0b000801 0b002601 10000 100 30208 2012230773 111867 10855
0b003901 0b000401 10000 100 29708 2012266985 90536 10811
0b000401 0b002401 10000 100 5788 2012327790 34757 8806
0b000901 0b000601 10000 100 24598 2012353688 36049 6223
0b002e01 0b004a01 10000 100 1416852 2011969222 458885 131269
0b003f01 0b002801 10000 100 188480 2012203786 228034 24124
0b004f01 0b004201 10000 100 4913375 2011520614 940455 416099
0b001a01 0b003f01 10001 100 552428 2012169039 307137 54637
0b002301 0b001d01 10000 100 25245 2012372575 121303 10439
0b000801 0b004201 10000 100 1361892 2011774920 730907 126661
0b003c01 0b001e01 10000 100 7084 2012452692 63772 8917
0b003101 0b003401 10000 100 11242 2012492727 27852 5105
0b004401 0b004601 10000 100 56699 2012479715 47881 8914
0b002001 0b003101 10000 100 278230 2012390337 143622 31649
0b001701 0b004701 10000 100 8828822 2010474438 2060339 752689
0b003801 0b000701 10000 100 119154 2012407924 149636 18313
0b003201 0b002801 10000 100 3807869 2011007950 1568525 327572
0b003601 0b003701 10000 100 1594797 2012382736 214553 137868
0b004801 0b004901 10000 100 9231 2012576949 25591 4936
0b004b01 0b004901 10000 100 23063 2012569402 35867 6097
0b001501 0b004b01 10000 100 366857 2012384968 220628 43237
0b002501 0b004a01 10000 100 1585436 2012131351 475327 145405
0b004301 0b001201 10000 100 48251 2012475930 134842 16528
0b000f01 0b004f01 10000 100 24646 2012527620 117383 14547
0b002301 0b002c01 10000 100 7259 2012643589 23218 4771
0b001901 0b003601 10000 100 4384444 2011593914 1078432 375913
0b000401 0b001101 10000 100 148202 2012542872 155318 20748
0b003e01 0b000b01 10000 100 74079 2012523354 176730 14534
0b000c01 0b001901 10000 100 13677 2012618157 88461 9467
0b000d01 0b003601 10000 100 2770831 2011847770 861368 240627
0b004c01 0b004f01 10001 100 6493825 2011947069 766051 548602
0b000f01 0b001001 10000 100 41975 2012592243 122824 11839
0b001d01 0b003b01 10000 100 7495 2012671069 48132 8950
0b002e01 0b003f01 10000 100 7451 2012684550 38047 8946
0b001a01 0b000601 10000 100 195408 2012629412 115203 24705
0b000001 0b002401 10000 100 74630 2012591496 153901 14578
0b004a01 0b002d01 10000 100 32858 2012609462 137935 15235
0b000501 0b002b01 10000 100 2452568 2012152549 596746 213944
0b001001 0b000301 10002 100 13739453 2010782433 1969747 1160237
0b003901 0b001701 10000 100 5083116 2011641489 1117837 434491
0b001f01 0b004201 10000 100 1129021 2012244389 522432 107140
0b000201 0b004901 10000 100 1562195 2011956305 813506 143457
0b000701 0b004e01 10000 100 21766365 2009959311 2843059 1837374
0b001301 0b000d01 10001 100 31012 2012740443 63789 10923
0b002401 0b002801 10000 100 77520 2012751252 55997 10661
0b004101 0b004001 10001 100 8277 2012825197 24439 4856
0b002a01 0b003101 10001 100 60393 2012780473 72573 13385
0b004501 0b004901 10000 100 845137 2012687536 179467 75019
0b000101 0b000601 10000 100 25427 2012831063 36537 6294
0b001301 0b004d01 10000 100 21320 2012826285 63378 14270
0b001a01 0b004501 10001 100 1058661 2012437176 460745 101239
0b003501 0b002101 10000 100 2402958 2011696741 1213508 209784
0b000801 0b003801 10000 100 2993761 2011923464 991739 259317
0b003401 0b001301 10000 100 1155107 2012426469 509648 105167
0b001001 0b004b01 10000 100 1506703 2012255327 699782 138803
0b002001 0b004e01 10000 100 55328 2012838933 123910 17121
0b002a01 0b004d01 10000 100 2628233 2011913214 1050272 232834
0b004c01 0b002f01 10001 100 1999751 2012254357 710357 180140
0b003b01 0b000601 10000 100 47617 2012860020 121947 12313
0b001101 0b000001 10000 100 76634 2012869477 114257 14746
0b003f01 0b004301 10000 100 6307 2012942167 44156 13011
0b004d01 0b004b01 10000 100 2662 2012976478 12709 4384
0b002701 0b003301 10000 100 194126 2012804222 190958 24598
0b000d01 0b004501 10000 100 2445 2012948440 62672 12687
0b003d01 0b000b01 10001 100 22286 2012910395 102288 10191
0b001801 0b001c01 10001 100 7680840 2012077797 961525 648122
0b003501 0b000601 10001 100 26652 2012948269 103139 10555
0b004b01 0b004801 10000 100 3454074 2012684757 381533 293753
0b002e01 0b002801 10000 100 56226 2013019572 47874 8876
0b002b01 0b000101 10000 100 8807933 2011143682 1930535 746777
0b001601 0b003201 10000 100 5014130 2012133838 940937 428708
0b000d01 0b002f01 10000 100 59400 2013013201 70654 13302
0b001101 0b003801 10000 100 168925 2013020394 92047 22482
0b001901 0b001b01 10000 100 81990 2013044280 74660 11034
0b002301 0b001a01 10000 100 5072164 2011616157 1510940 433573
0b000e01 0b002a01 10000 100 9887943 2011195160 1932782 837325
0b000f01 0b004601 10000 100 1605839 2012459998 670714 147114
0b003c01 0b001b01 10000 100 26081 2013021149 119889 10510
0b003a01 0b001c01 10000 100 2187553 2012537969 619800 191726
0b001801 0b004d01 10000 100 37458 2013087330 76653 15622
0b004001 0b001e01 10000 100 22354 2013102030 66864 14356
0b004901 0b001c01 10000 100 720853 2012674228 516196 72916
0b004b01 0b003601 10000 100 6610 2013157405 50391 13035
0b004701 0b001d01 10000 100 6006362 2011756053 1459985 516055
0b004b01 0b002801 10000 100 9398 2013123393 93789 13270
0b000d01 0b000901 10000 100 5150015 2012645855 572118 435941
0b002401 0b000f01 10000 100 1842157 2012354277 871794 162769
0b003501 0b001801 10000 100 24616 2013144939 94331 10385
0b004101 0b000a01 10000 100 11245 2013151780 96333 13425
0b001d01 0b001801 10000 100 4031806 2012814259 450478 342187
0b002001 0b002801 10000 100 183891 2013202317 71938 19577
0b002901 0b003801 10000 100 1846330 2012819900 470614 163118
0b000801 0b001501 10001 100 2361808 2012591309 713584 206334
0b003401 0b001301 10001 100 717970 2013023394 330371 68514
0b003a01 0b000001 10000 100 454129 2013131249 222841 46397
0b002b01 0b001901 10000 100 8025 2013219378 137580 8996
0b003f01 0b003501 10000 100 3953492 2012934331 433865 335622
0b001b01 0b004e01 10000 100 3807 2013347777 38206 12799
0b001901 0b004501 10000 100 50648 2013254234 139827 16727
0b002801 0b001501 10000 100 7932 2013363492 38148 8985
0b003d01 0b001501 10000 100 3665518 2012595426 817235 315638
0b002601 0b001101 10000 100 1868660 2012630920 782326 164989
0b002c01 0b002e01 10001 100 14472 2013391352 30400 5375
0b004c01 0b003d01 10000 100 50617 2013325796 98780 16725
0b001401 0b001601 10000 100 938374 2013214060 212507 82835
0b003b01 0b004701 10000 100 4906950 2012122191 1327102 423878
0b002c01 0b001b01 10000 100 715314 2013054219 407678 68294
0b002c01 0b003701 10000 100 31852 2013414735 57774 10991
0b004f01 0b002301 10000 100 72454 2013346716 130624 18556
0b004901 0b002b01 10000 100 9178213 2010770479 2716406 781984
0b003701 0b002f01 10000 100 64832 2013475359 71370 13756
0b000301 0b002301 10000 100 70182 2013485771 118985 14207
0b000001 0b004601 10000 100 4249525 2012680352 930490 368762
0b002401 0b001901 10001 100 1757341 2012937008 682811 155658
0b002a01 0b004201 10000 100 8381244 2011279921 2353269 715166
0b000401 0b000a01 10000 100 252500 2013558973 81199 25331
0b003001 0b001f01 10001 100 5589 2013625380 34155 8790
0b003301 0b001e01 10000 100 26733 2013466390 199253 10562
0b000201 0b003201 10000 100 763050 2013445512 220192 72297
0b002e01 0b003301 10000 100 5628 2013632240 34475 8793
0b003f01 0b001001 10000 100 88706 2013587472 79797 15758
0b002301 0b000101 10000 100 36539 2013541372 133995 11385
0b000e01 0b002001 10002 100 1663 2013627968 49577 8460
0b004c01 0b002d01 10000 100 979 2013672810 12618 12562
0b003401 0b003601 10000 100 60804 2013636667 52534 9258
0b001101 0b004201 10000 100 68191 2013599729 93772 18200
0b001a01 0b004c01 10000 100 31326 2013646388 69579 15108
0b003201 0b004b01 10001 100 24683 2013651478 82784 14550
0b000a01 0b000b01 10000 100 4143256 2013038373 749231 351533
0b000901 0b002801 10000 100 119287 2013630818 159556 18323
0b003701 0b000301 10000 100 11541 2013724723 69305 9289
0b004201 0b000501 10000 100 29431158 2005976823 7824332 2479991
0b000a01 0b000601 10000 100 3647500 2013138931 681858 309968
0b000e01 0b001001 10001 100 6812030 2012112579 1710954 579444
0b003901 0b000101 10000 100 8786 2013791682 68275 9057
0b000701 0b000a01 10000 100 77790 2013807340 53402 10682
0b002c01 0b004101 10000 100 344622 2013696007 166247 41374
0b003701 0b000f01 10000 100 41087 2013801931 66612 11768
0b001101 0b003101 10001 100 25210 2013837547 65671 10436
0b001501 0b004401 10000 100 15413 2013711736 193636 13774
0b002401 0b000001 10000 100 1872719 2013496491 435616 165329
0b004f01 0b000901 10000 100 22654 2013833871 102918 14380
0b002801 0b000b01 10001 100 1129 2013890987 49674 8418
0b002001 0b002901 10000 100 9914 2013916556 25615 4991
0b004701 0b003c01 10000 100 42105 2013886446 75342 16013
0b000401 0b002d01 10000 100 41805 2013864793 100526 11825
0b001401 0b001301 10000 100 4935 2013963332 18536 4574
0b004e01 0b001901 10000 100 2644537 2013114993 868263 234199
0b004401 0b002301 10000 100 1991724 2013356309 640349 179467
0b003001 0b003901 10000 100 4421 2013978856 18118 4532
0b003401 0b001e01 10000 100 66065 2013930809 73947 13862
0b000c01 0b000701 10000 100 35370 2013967529 41056 7127
0b000001 0b004601 10001 100 1902703 2013491429 523470 172003
0b003701 0b003a01 10000 100 5156054 2013483971 536297 436447
0b000601 0b002501 10000 100 9304949 2011277519 2762477 788447
0b003e01 0b002101 10000 100 75093 2013226226 822100 14619
0b004401 0b000201 10001 100 26268 2013948323 108975 14685
0b000601 0b004701 10000 100 36484 2013928282 136384 15540
0b004b01 0b000801 10001 100 59825 2013951241 113881 17496
0b003201 0b000501 10000 100 662 2014062575 13676 8376
0b004601 0b002301 10000 100 7650 2013986512 104404 13122
0b001601 0b002101 10000 100 1473357 2013606986 493752 131848
0b003401 0b001401 10000 100 2201031 2013747721 365233 192858
0b000101 0b002901 10001 100 13140 2014034898 94366 9424
0b002f01 0b003201 10000 100 37287 2014017089 121886 11448
0b001701 0b004101 10000 100 55590 2014044666 95186 17142
0b004401 0b002a01 10000 100 2815141 2013425279 724763 248504
0b001501 0b002401 10000 100 12683 2013990762 165092 9384
0b001301 0b004a01 10000 100 73815 2014072848 87216 18669
0b002801 0b000401 10000 100 1561744 2013831160 336779 139257
0b004301 0b003701 10000 100 41059 2014122309 74376 15926
0b004501 0b002901 10000 100 914444 2013396606 812534 89149
0b003501 0b004301 10001 100 2844 2014187772 25418 12719
0b004f01 0b004b01 10000 100 20167 2014187294 33805 5854
0b001701 0b002f01 10000 100 47839 2014175054 64367 12331
0b000a01 0b001d01 10001 100 1489314 2013793875 450226 133186
0b002501 0b001801 10000 100 92414 2014100478 155167 16070
0b001401 0b003801 10000 100 150225 2014177923 94296 20917
0b001001 0b001401 10000 100 885017 2014154700 144894 78363
0b004401 0b003e01 10000 100 58201 2014212978 95701 17362
0b004101 0b002501 10000 100 7323526 2012706704 1621417 626486
0b004e01 0b000001 10000 100 113541 2014262201 102311 22001
0b002601 0b001701 10000 100 31506 2014295614 76958 10963
0b002b01 0b001201 10000 100 16152 2014322052 76214 9677
0b002501 0b003601 10000 100 57305 2014323752 102069 13127
0b002501 0b003601 10001 100 40731 2014363691 63205 11735
0b001001 0b000001 10000 100 9775 2014347610 84706 9140
0b002201 0b000b01 10001 100 3251 2014412952 34841 8595
0b004a01 0b001b01 10000 100 12319 2014401243 54581 13515
0b002a01 0b002901 10000 100 78868 2014337729 124684 10772
0b003301 0b004301 10000 100 9487 2014322839 145562 13277
0b000001 0b002c01 10001 100 989540 2013960701 567396 91284
0b001201 0b000201 10000 100 1789936 2014015275 516221 158388
0b004501 0b003501 10000 100 3080556 2013601001 957786 270755
0b003401 0b003f01 10000 100 117 2014574945 4062 4173
0b001301 0b004d01 10001 100 27817 2014504599 91169 14812
0b004701 0b003601 10000 100 21820 2014509592 100336 14310
0b004501 0b002a01 10000 100 282392 2014357656 273649 36158
0b002801 0b004501 10000 100 60604 2014502082 136127 17562
0b003801 0b002d01 10000 100 4655742 2013525382 1115234 398658
0b001801 0b000d01 10000 100 908815 2014343372 297260 84515
0b000b01 0b002d01 10000 100 2521018 2013799849 845390 219685
0b001c01 0b000b01 10002 100 7499 2014604429 42092 8950
0b000101 0b002401 10001 100 112353 2014556261 100882 17742
0b004501 0b000001 10000 100 50713 2014572293 101051 16732
0b002c01 0b003401 10001 100 50942 2014556704 130602 12591
0b001601 0b002301 10000 100 1164195 2014479153 219074 105929
0b002401 0b002601 10001 100 3331399 2014049346 662360 283466
0b000001 0b004201 10000 100 4324292 2013540067 1190128 375031
0b001901 0b001001 10000 100 2671196 2014398941 331757 228116
0b001701 0b004601 10000 100 3162 2014695477 42781 12748
0b001c01 0b002801 10000 100 1917 2014721256 34846 8481
0b004401 0b000801 10000 100 1396243 2014230383 533106 129543
0b001501 0b004001 10000 100 24547 2014585206 185852 14539
0b002f01 0b000801 10000 100 32269 2014706739 66124 11028
0b001801 0b001501 10000 100 26934 2014735904 38175 6418
0b001101 0b002f01 10000 100 11469 2014733687 43332 9283
0b003201 0b003901 10001 100 70964 2014696057 83181 10109
0b002301 0b000201 10000 100 25247 2014757719 60474 10439
0b003201 0b000e01 10000 100 36254 2014721080 113172 11362
0b000601 0b001101 10000 100 699845 2014632524 209259 66995
0b002101 0b003a01 10000 100 2346140 2014427267 438314 205023
0b004701 0b002a01 10000 100 1886 2014806219 69559 12638
0b001001 0b004901 10001 100 38860 2014785648 107131 15738
0b001b01 0b002d01 10000 100 69566 2014818836 84361 14154
0b003301 0b000f01 10000 100 20836 2014436320 468024 10067
0b004701 0b004201 10000 100 61154 2014842252 67937 9290
0b004701 0b003601 10001 100 2286 2014856211 90971 12674
0b000901 0b001c01 10000 100 63873 2014820033 130143 13675
0b001201 0b001901 10000 100 25333626 2011727680 3235421 2128132
0b002501 0b004f01 10000 100 80955 2014775155 189385 19267
0b003b01 0b000c01 10000 100 9724750 2013448277 1517039 823644
0b004e01 0b004201 10000 100 30503 2014936109 39090 6719
0b001001 0b004a01 10000 100 2190763 2014531461 446217 196154
0b000701 0b000001 10000 100 29308 2014938599 39877 6619
0b000e01 0b004301 10000 100 16502 2014878249 114851 13865
0b003001 0b001601 10000 100 47065 2014891664 103166 12269
0b004401 0b001a01 10000 100 11810 2014945254 60839 13470
0b001301 0b004a01 10001 100 121056 2014914552 104284 22632
0b004a01 0b002701 10000 100 9308243 2012239509 2794661 792886
0b004f01 0b001e01 10000 100 43799 2014939345 102011 16152
0b002501 0b000001 10000 100 1981 2014983486 61970 8486
0b001101 0b000801 10000 100 7832 2014990474 63381 8977
0b003801 0b000201 10000 100 7410578 2013711315 1353105 629624
0b001e01 0b003901 10000 100 60138 2014950310 116257 13365
0b002201 0b003b01 10001 100 926589 2014819385 249438 86006
0b002501 0b002401 10000 100 3880943 2014578214 492215 329538
0b001a01 0b002001 10000 100 22064 2015018894 52985 10173
0b002201 0b004401 10000 100 76949 2014936752 139845 18931
0b001b01 0b004c01 10000 100 779285 2014774747 304341 77818
0b001b01 0b001f01 10000 100 1564744 2014813848 281454 135349
0b000301 0b000601 10000 100 28879 2015057956 38809 6581
0b000e01 0b002001 10003 100 27937 2015043583 70635 10662
0b000301 0b002e01 10000 100 1464876 2014734997 402572 131135
0b000001 0b003901 10000 100 15478 2015036121 111088 9619
0b000d01 0b004a01 10000 100 3249 2015130361 37818 12755
0b004601 0b003501 10000 100 4578459 2014177264 1030442 396340
0b003401 0b002801 10000 100 25390 2015155963 56521 10451
0b002601 0b001601 10000 100 1735210 2014863517 362629 153803
0b002901 0b002e01 10000 100 30243 2015203875 38924 6698
0b002801 0b000801 10000 100 3924619 2014277062 967774 337361
0b004d01 0b001001 10001 100 27081 2015163434 82714 14754
0b001901 0b000b01 10000 100 970549 2015005851 278754 89692
0b001c01 0b004d01 10000 100 5722743 2014290111 1002949 492275
0b002b01 0b003f01 10000 100 105438 2015239583 80564 17162
0b000701 0b003d01 10000 100 1181 2015276690 49867 8422
0b000501 0b000f01 10000 100 20731 2015293518 34473 5899
0b002301 0b003101 10000 100 54728 2015230102 107015 12909
0b003001 0b004501 10000 100 22965 2015277516 64906 14405
0b000301 0b002d01 10000 100 5915 2015276474 67159 8816
0b003b01 0b002901 10000 100 982809 2015082900 264231 90719
0b004701 0b001f01 10001 100 465613 2015145920 209107 51518
0b001f01 0b000a01 10000 100 1613411 2014919346 444863 143590
0b004e01 0b001e01 10000 100 3703257 2014739533 636436 322963
0b002f01 0b003701 10000 100 2935 2015357036 22759 8566
0b004901 0b002201 10000 100 1881280 2014932656 495967 170209
0b003401 0b002901 10000 100 42529 2015379795 66056 11887
0b004501 0b004d01 10002 100 18926 2015416570 37354 5747
0b003f01 0b003901 10001 100 46642 2015423698 46286 8071
0b000f01 0b002001 10000 100 1480151 2015119853 355835 132419
0b003101 0b000e01 10000 100 610320 2015148915 340410 59491
0b003401 0b004301 10000 100 3063616 2014744245 810929 269335
0b002001 0b003a01 10000 100 26795 2015459612 97180 10567
0b004001 0b004d01 10000 100 65420 2015550304 50464 9647
0b003201 0b004301 10000 100 261547 2015508726 148179 34409
0b004a01 0b002b01 10001 100 1489 2015663889 53280 12606
0b002301 0b002f01 10000 100 2850 2015707850 12751 4399
0b001e01 0b003601 10000 100 16877 2015643686 82716 9735
0b001c01 0b003201 10000 100 57871 2015660628 68960 13172
0b003f01 0b000601 10000 100 6817387 2014313528 1419228 579892
0b000c01 0b000101 10000 100 20396 2015726067 33841 5872
0b002b01 0b001301 10000 100 9907 2015707615 57880 9150
0b004701 0b003101 10000 100 177366 2015552271 221306 27352
0b003701 0b001c01 10000 100 4327 2015773868 32083 8685
0b000801 0b000e01 10000 100 2542 2015797189 12538 4374
0b002d01 0b000301 10000 100 4499477 2014490460 1319504 385558
0b003101 0b000d01 10000 100 4966 2015777351 49770 8736
0b003401 0b003901 10000 100 7658799 2014638478 1189314 646274
0b004b01 0b003101 10000 100 885903 2015367413 483511 86754
0b003d01 0b003e01 10001 100 1524 2015861161 8443 4289
0b002501 0b003101 10000 100 4175452 2014724799 1193856 358392
0b004501 0b000701 10000 100 10673 2015838045 86185 13376
0b003801 0b000c01 10000 100 49858 2015820913 129728 12500
0b000301 0b000701 10001 100 349032 2015883673 91999 33426
0b001201 0b004901 10000 100 9949 2015890284 101272 13314
0b001201 0b004f01 10000 100 35097 2015711864 317157 15426
0b003d01 0b003e01 10000 100 1436207 2015856503 197969 124574
0b001301 0b001c01 10000 100 5992 2016040063 20441 4662
0b004901 0b001e01 10000 100 1981818 2015634781 429367 178636
0b003701 0b003f01 10000 100 107221 2016007924 60375 13152
0b000a01 0b001d01 10002 100 46550 2015968721 110719 12224
0b002001 0b001c01 10000 100 1826497 2015580196 508410 161455
0b003701 0b000f01 10001 100 1055 2016077215 38786 8412
0b004a01 0b002a01 10000 100 20792 2015994703 135340 14224
0b001a01 0b000301 10001 100 3348 2016089956 43708 8603
0b004101 0b003501 10001 100 49308 2016072870 81246 16616
0b004c01 0b002401 10000 100 8222 2016110657 54296 13172
0b003501 0b003a01 10000 100 487229 2016070449 105400 45012
0b001b01 0b003f01 10000 100 1701583 2015674224 516280 150982
0b002901 0b000501 10000 100 2171600 2015555240 653358 190388
0b003a01 0b002801 10001 100 23384 2016150532 71773 10282
0b000901 0b001a01 10000 100 64347 2016190233 71355 13717
0b003d01 0b002501 10000 100 8581 2016224531 52161 9041
0b000d01 0b004b01 10000 100 81621 2015544918 732120 19324
0b003d01 0b000d01 10000 100 84160 2016171643 115088 15379
0b003d01 0b001101 10000 100 1611 2016269784 17546 8456
0b004e01 0b002b01 10000 100 1683989 2015776332 515041 153665
0b002901 0b000201 10000 100 77779 2016229994 90972 14841
0b002f01 0b002b01 10001 100 9223043 2015259255 1067354 777423
0b000401 0b003d01 10000 100 9247528 2014327764 2001969 783634
0b003f01 0b003301 10000 100 20755 2016310316 33924 5901
0b000601 0b004e01 10000 100 1057317 2016060722 284249 101128
0b004e01 0b000101 10000 100 545747 2016121574 228634 58236
0b004301 0b003a01 10000 100 311974 2016166258 202244 38636
0b003301 0b003401 10000 100 427131 2014964769 1405848 39974
0b003f01 0b003301 10001 100 19451 2016357403 33256 5792
0b004b01 0b004101 10000 100 8128969 2015222732 1170515 685692
0b000a01 0b003c01 10000 100 6527013 2014583253 1812369 555548
0b002901 0b001501 10001 100 1882883 2015961714 438766 166181
0b000701 0b000301 10000 100 26033 2016369375 39884 6346
0b002301 0b000b01 10000 100 28394 2016286748 122673 10702
0b001a01 0b003201 10000 100 39431 2016338696 85365 11628
0b004001 0b004501 10000 100 1198994 2016211145 236531 104683
0b003a01 0b003f01 10000 100 116625 2016402516 61269 13939
0b003201 0b003101 10001 100 147609 2016360274 112030 16537
0b003201 0b001701 10000 100 454964 2016339020 161808 46464
0b001001 0b001401 10001 100 1203517 2016255988 259133 105064
0b001a01 0b004901 10000 100 22596 2016407978 115397 14376
0b004001 0b001201 10000 100 12921 2016473713 55134 13563
0b000701 0b001801 10000 100 7124058 2014034729 2500956 605604
0b001701 0b004a01 10000 100 5299507 2015247024 1313453 456792
0b003501 0b002d01 10000 100 178759 2016427473 137974 23308
0b001b01 0b002701 10000 100 48521 2016481320 96668 12389
0b003401 0b004f01 10000 100 143089 2016446328 145543 24480
0b004001 0b004301 10000 100 1306662 2016384303 222947 113711
0b001401 0b003401 10001 100 29018594 2011609899 5015638 2441240
0b004b01 0b001401 10000 100 4161579 2015730739 907321 361388
0b002001 0b003401 10000 100 23434 2016580186 62519 10286
0b000601 0b003901 10000 100 75985 2016547785 95709 14690
0b004801 0b000e01 10000 100 1277961 2016088392 565195 119624
0b004001 0b002e01 10000 100 568539 2016216146 462591 60148
0b003001 0b002401 10000 100 4202941 2015886339 799906 360694
0b003101 0b003501 10000 100 2959 2016681284 12724 4408
0b003e01 0b003a01 10000 100 25038 2016689421 40243 6262
0b000f01 0b001801 10000 100 36097 2016608655 142735 11349
0b004b01 0b004801 10001 100 1677443 2016449594 304648 144798
0b001501 0b004401 10001 100 389269 2016483207 274739 45119
0b002b01 0b004a01 10000 100 166398 2016610732 153256 26433
0b001d01 0b003701 10000 100 1407 2016748025 18204 8440
0b003601 0b004c01 10000 100 1226744 2016414431 361761 115331
0b002501 0b004001 10000 100 2254 2016734882 68916 12671
0b001001 0b004e01 10000 100 997632 2016460771 347433 96122
0b004b01 0b004301 10000 100 1233393 2016609539 209664 107570
0b003801 0b003e01 10000 100 924841 2016681467 145223 81699
0b002f01 0b000001 10000 100 1400723 2016507025 342622 125757
0b001c01 0b003901 10001 100 63224 2016764852 86063 13623
0b002801 0b001601 10000 100 57757 2016805772 67799 13163
0b004c01 0b003d01 10001 100 18646 2016832906 61092 14044
0b001701 0b001d01 10000 100 5343918 2015782767 1127482 452194
0b003401 0b000b01 10000 100 5595 2016813872 99491 8790
0b001701 0b000501 10000 100 4979572 2015504668 1413083 425808
0b001801 0b004a01 10000 100 58287 2016757924 164243 17369
0b002201 0b004b01 10000 100 26277 2016793122 131723 14685
0b004501 0b002401 10000 100 3835246 2015044440 1906223 334029
0b004201 0b001b01 10000 100 66968 2016857222 144533 18094
0b001901 0b002201 10000 100 52682 2016871425 136734 12738
0b000801 0b001d01 10000 100 4872 2016950710 73600 8728
0b000001 0b000501 10000 100 1290840 2016851028 183522 112384
0b004e01 0b003e01 10000 100 74957 2016947045 90782 18764
0b004e01 0b004401 10000 100 79704 2016991470 56273 10843
0b001e01 0b003d01 10000 100 47779 2017002558 64552 12326
0b002401 0b003901 10000 100 1320470 2016580868 496506 119030
0b000501 0b004901 10000 100 16357 2016926746 153104 13853
0b001101 0b002901 10000 100 719234 2016694591 397210 68623
0b002401 0b000a01 10000 100 1588169 2016495893 602045 141475
0b002601 0b003c01 10000 100 21419 2017043716 54334 10118
0b000601 0b003f01 10000 100 19574 2017028342 98918 9962
0b001601 0b000001 10000 100 1879901 2016499345 638120 165931
0b001901 0b003501 10000 100 93858 2017058388 83476 16189
0b001b01 0b002701 10001 100 209472 2017002047 159885 25884
0b001801 0b000501 10000 100 14043 2017111943 51023 9501
0b001801 0b004a01 10001 100 42968 2017094095 89552 16082
0b003a01 0b000501 10000 100 42186 2017073976 110464 11860
0b004401 0b000901 10000 100 4376557 2015558570 1635115 379412
0b004301 0b003101 10000 100 3231555 2016052900 1159263 283415
0b001401 0b003201 10000 100 188305 2017122032 96274 24110
0b004e01 0b002001 10000 100 66857 2017037232 185226 18085
0b004001 0b004601 10000 100 10355 2017202134 26493 5030
0b003601 0b003701 10001 100 1438975 2017038163 192038 124803
0b003101 0b002501 10000 100 7320154 2015902973 1345007 622044
0b004401 0b004101 10000 100 61276 2017197761 51376 9300
0b003e01 0b003301 10000 100 25441 2017142005 109214 6295
0b004701 0b001a01 10000 100 91296 2017152253 106222 20136
0b003d01 0b003301 10000 100 42347 2017235716 43445 7712
0b000c01 0b002101 10000 100 677482 2017034653 282639 65122
0b000301 0b003b01 10000 100 31332 2017304779 61223 10949
0b002101 0b004401 10000 100 56549 2017257532 115890 17222
0b003001 0b002101 10000 100 3762 2017335441 63237 8636
0b002901 0b004301 10001 100 44621 2017341635 77996 16222
0b001601 0b004e01 10000 100 40868 2017345977 74380 15906
0b004301 0b003a01 10001 100 21892 2017371980 63302 14315
0b004701 0b000001 10000 100 4722352 2015651880 1813796 408404
0b004701 0b003901 10000 100 4819 2017429653 39954 12884
0b003c01 0b002001 10000 100 32227 2017399708 77105 11024
0b001801 0b000b01 10000 100 24188998 2013597637 3879668 2036325
0b004401 0b002c01 10000 100 4474563 2015852599 1641225 387629
0b002301 0b004401 10000 100 771916 2017246828 274425 77197
0b001001 0b002e01 10000 100 4408086 2016148060 1417601 377897
0b004a01 0b002201 10000 100 71669 2017455422 115046 18490
0b004101 0b002801 10001 100 939500 2017064004 506524 91249
0b000001 0b004601 10002 100 173028 2017429802 150514 26990
0b004401 0b004301 10000 100 826690 2017494908 136411 73470
0b002101 0b000e01 10000 100 19316 2017467148 164456 9942
0b002601 0b004001 10000 100 950942 2017269735 367500 92207
0b000101 0b003401 10000 100 145674 2017543340 95009 20534
0b002401 0b003101 10000 100 29338020 2011994341 5648699 2468023
0b004301 0b001901 10000 100 29582 2017579962 69119 14961
0b002f01 0b002c01 10000 100 3738848 2016985764 663421 317625
0b001c01 0b001f01 10000 100 8841 2017627282 24562 4901
0b003d01 0b000701 10000 100 140609 2017552274 104494 20110
0b002501 0b003b01 10000 100 37477 2017579739 77700 11464
0b004101 0b003a01 10001 100 72422 2017585389 89930 18554
0b004601 0b001301 10000 100 152744 2017539107 165333 25287
0b001901 0b002c01 10000 100 568591 2017323806 383813 55992
0b003b01 0b003701 10000 100 1689789 2017364431 352749 145832
0b000301 0b000b01 10000 100 1476210 2017422734 305413 127928
0b000101 0b001501 10000 100 175242 2017611501 119696 23015
0b003a01 0b002801 10002 100 3651706 2017171601 560081 314480
0b004b01 0b003601 10001 100 35593 2017672811 71758 15465
0b002901 0b000f01 10001 100 6468892 2016737599 1027898 550672
0b000001 0b000f01 10000 100 1918341 2017348092 424682 164996
0b004701 0b002a01 10001 100 9556 2017714584 61080 13282
0b004401 0b003901 10000 100 22520 2017718164 63655 14369
0b004001 0b004701 10000 100 24971 2017747163 39074 6253
0b000b01 0b003001 10002 100 4479284 2016577674 1216071 383865
0b003701 0b002f01 10001 100 840182 2017394024 409956 78764
0b004f01 0b004b01 10001 100 41948 2017766219 43195 7677
0b003001 0b003501 10001 100 1805060 2017580557 230021 155499
0b001901 0b002301 10000 100 3649522 2016757899 1053100 314297
0b003b01 0b003201 10000 100 4218292 2017219896 599726 357824
0b004901 0b004701 10001 100 2390363 2017538794 281062 204570
0b000101 0b003001 10000 100 96023 2017656393 175792 16374
0b002201 0b000a01 10000 100 20396 2017741244 110265 10032
0b003e01 0b000101 10000 100 19630 2017329461 524733 9967
0b002701 0b003801 10001 100 2406610 2017280149 580313 210091
0b002601 0b002e01 10000 100 3731419 2017388335 497742 317004
0b002701 0b002601 10001 100 8666317 2016828201 1074905 730746
0b003201 0b003901 10002 100 6692 2017896583 22034 4722
0b004801 0b000201 10000 100 68320 2017751740 167990 18210
0b003f01 0b003801 10000 100 1427 2017913259 8460 4281
0b000f01 0b000301 10000 100 8188443 2017068066 879479 690681
0b004f01 0b003601 10001 100 31578 2017890291 69742 15129
0b002d01 0b004b01 10001 100 79980 2017430227 554401 19185
0b002201 0b001101 10001 100 78204 2017946956 79101 14879
0b001901 0b002f01 10000 100 26295 2017929602 99286 10527
0b000001 0b002901 10000 100 18294 2017946799 88468 9856
0b002601 0b002d01 10000 100 616174 2017929121 117636 55823
0b004301 0b000301 10000 100 52713 2017993054 112333 16900
0b003601 0b001001 10000 100 149 2018089225 20862 8335
0b001e01 0b003501 10000 100 52932 2017984005 143479 12758
0b004e01 0b001201 10000 100 975 2018090560 40511 12561
0b002201 0b002a01 10000 100 304031 2018040731 99772 29653
0b000f01 0b001001 10001 100 54230 2018004899 142006 12869
0b002d01 0b001a01 10001 100 818555 2017885618 279330 76949
0b003e01 0b001a01 10000 100 7252 2018106635 67812 8930
0b002401 0b000b01 10000 100 1426 2018144465 30781 8441
0b002801 0b002201 10000 100 116413 2018129603 61337 13922
0b000a01 0b004a01 10000 100 5369208 2016287972 1903341 462637
0b004b01 0b001a01 10001 100 9221 2018127037 74648 13256
0b003601 0b002b01 10000 100 5634 2018172213 74234 8793
0b002a01 0b004c01 10000 100 73803 2018015683 249353 18668
0b004901 0b004501 10000 100 22802 2018249640 35284 6072
0b000701 0b003f01 10001 100 9891043 2014913572 3372420 837588
0b000b01 0b004001 10000 100 173110 2018075007 262364 26996
0b002901 0b003d01 10000 100 7463 2018299080 51035 8947
0b002c01 0b004201 10000 100 1898739 2017490643 866766 171671
0b000001 0b002b01 10000 100 4351 2018311745 60886 8687
0b002f01 0b001c01 10000 100 25226 2018301699 79029 10437
0b000301 0b004501 10000 100 4359240 2017250950 1130237 377961
0b004601 0b000b01 10000 100 39073 2018220898 165663 15759
0b000c01 0b001f01 10001 100 734129 2018064009 339327 69872
0b002901 0b000d01 10002 100 85640 2018271679 163221 15501
0b001501 0b000501 10000 100 291941 2018177251 265865 32796
0b000d01 0b000401 10000 100 776691 2017216798 1228792 69278
0b002f01 0b002601 10000 100 1182 2018496693 8416 4262
0b004c01 0b004001 10000 100 5453801 2017842143 669158 461407
0b000701 0b000301 10001 100 140914 2018450978 71483 15974
0b002401 0b000601 10000 100 57502 2018345388 192014 13142
0b002201 0b001701 10000 100 1841646 2017673271 864693 162724
0b002601 0b000901 10002 100 66738 2018424481 149103 13916
0b002f01 0b003801 10000 100 38706 2018511354 88377 11566
0b004401 0b004d01 10000 100 140762 2018528408 72903 15962
0b001a01 0b002f01 10000 100 2131728 2018012032 604790 187045
0b002401 0b004e01 10001 100 63902 2018407627 213646 17837
0b003801 0b000001 10000 100 23037 2018498418 136359 10255
0b001c01 0b000801 10000 100 2238705 2017676625 986192 196014
0b004601 0b001e01 10000 100 171946 2018399923 263782 26896
0b001a01 0b001001 10001 100 18285 2018654312 32694 5695
0b001b01 0b004701 10000 100 30232 2018563219 127959 15017
0b002f01 0b004c01 10000 100 12767309 2016355926 2335396 1082893
0b001701 0b001401 10000 100 9852548 2017719476 977076 830199
0b000f01 0b000601 10000 100 47151 2018654794 45226 8116
0b003c01 0b000b01 10000 100 9206 2018644130 73201 9094
0b004601 0b003001 10000 100 78663 2018559413 159457 19076
0b002701 0b003c01 10000 100 381059 2018540372 200658 40271
0b002601 0b004f01 10000 100 27684 2018633711 118693 14802
0b000001 0b003201 10000 100 121366 2018641809 127832 18497
0b001b01 0b000901 10000 100 7239266 2016895878 1882398 615262
0b002001 0b000001 10001 100 4925104 2017568493 1213913 421244
0b001601 0b002101 10001 100 1900419 2018017713 781396 167653
0b003201 0b000701 10001 100 3471973 2017716352 1096188 299410
0b003801 0b003b01 10000 100 73586 2018769819 52477 10331
0b001c01 0b003e01 10000 100 132414 2018665384 162096 19423
0b003801 0b002901 10000 100 91089 2018666280 161821 15960
0b000b01 0b002901 10000 100 1422335 2017549225 1284220 127571
0b004601 0b000601 10000 100 3707173 2017638192 1196218 323292
0b000a01 0b003501 10000 100 5879 2018773791 65633 8813
0b003201 0b003401 10000 100 23868 2018809849 36674 6161
0b004301 0b001501 10000 100 55465 2018746972 155353 17132
0b002901 0b002301 10000 100 544365 2018789599 143430 49802
0b002401 0b000601 10001 100 6534 2018862343 78149 8869
0b000101 0b001401 10001 100 50951 2018868716 90786 12591
0b002201 0b004801 10000 100 54004 2018835095 136446 17011
0b001c01 0b000201 10001 100 9068 2018926054 72765 9083
0b004f01 0b000801 10000 100 63116 2018880742 135024 17775
0b002201 0b002401 10000 100 145159 2018951197 68511 16333
0b001b01 0b004201 10000 100 5748733 2017691008 1331548 494454
0b002401 0b000901 10000 100 31368 2018960310 69054 10952
0b001f01 0b004b01 10000 100 15041 2018947521 83887 13744
0b000a01 0b000101 10000 100 20504 2019004511 34130 5880
0b002701 0b002101 10000 100 5618629 2017947844 1092030 475227
0b001201 0b000d01 10000 100 46434 2018981816 81006 12215
0b003801 0b004a01 10000 100 1346 2019011191 90474 12595
0b003201 0b004e01 10000 100 529412 2018701126 440087 56868
0b003c01 0b000e01 10000 100 1627050 2018376275 769316 144735
0b002301 0b003101 10001 100 4632864 2018057906 1130335 396739
0b004201 0b001c01 10000 100 6458 2019101612 94633 13023
0b004001 0b004e01 10001 100 77008 2019160322 54129 10620
0b004001 0b002401 10000 100 63929 2019138129 89715 17840
0b001b01 0b000601 10000 100 39290 2019143466 96302 11616
0b000401 0b004b01 10000 100 61502 2019094937 146905 17638
0b004501 0b000801 10001 100 6181794 2016315774 2954021 530762
0b003f01 0b001c01 10000 100 9589257 2017127840 2157464 812286
0b000101 0b001a01 10000 100 8366324 2017466257 1824476 709755
0b004f01 0b000c01 10000 100 29090 2019155873 137809 14922
0b000c01 0b003b01 10000 100 67391 2019142423 157016 13972
0b003001 0b001201 10000 100 4687775 2018000985 1320609 401343
0b003d01 0b002601 10000 100 60994 2019237920 86038 13433
0b004401 0b002f01 10000 100 15016 2019271772 85427 13742
0b004201 0b004d01 10001 100 5465 2019338503 20320 4620
0b001b01 0b000b01 10000 100 38743 2019191719 169253 11569
0b003e01 0b001c01 10000 100 7393 2019359541 60715 8942
0b000901 0b004301 10000 100 4037270 2018630747 817862 350967
0b003a01 0b003701 10000 100 67898 2019433806 52424 9852
0b002901 0b001d01 10000 100 129018 2019448461 98292 19140
0b000501 0b002301 10000 100 29647399 2012702893 6874315 2493960
0b004201 0b003e01 10000 100 2004 2019565025 25813 12651
0b003501 0b000d01 10000 100 1257036 2019171540 491344 113713
0b003101 0b002b01 10000 100 3528050 2018382257 1285212 304115
0b004a01 0b000901 10000 100 33571 2019514200 180553 15296
0b002a01 0b004601 10000 100 73363 2019543114 156210 18633
0b001c01 0b000201 10000 100 7853426 2017821568 1905919 666753
0b002e01 0b001701 10000 100 6562232 2018859704 920169 558500
0b002701 0b002b01 10000 100 3683369 2019283891 515049 312976
0b001d01 0b004601 10000 100 5858681 2017825038 2016199 503673
0b001501 0b001201 10000 100 846062 2019644444 220889 75097
0b000d01 0b003301 10000 100 1081807 2019380729 607888 99019
