0b002601 0b001f01 10000 100 475 2000015568 8240 8361
0b001801 0b001c01 10000 100 835 2000028900 4176 4230
0b001d01 0b002e01 10000 100 1899 2000018770 16784 8479
0b004201 0b004401 10000 100 363 2000083538 4102 4192
0b004601 0b002701 10000 100 76917 2000003551 87297 18929
0b003201 0b004101 10000 100 34614 2000034298 71122 15383
0b001501 0b001401 10000 100 188333 2000043398 72557 19952
0b003801 0b004d01 10000 100 17194 2000062574 59348 13924
0b000401 0b004201 10000 100 27206 2000067990 66887 14764
0b004f01 0b004501 10000 100 35185 2000101300 40906 7113
0b000701 0b000d01 10000 100 55674 2000099586 47590 8828
0b002f01 0b004701 10000 100 23462 2000088643 64331 14449
0b001101 0b001a01 10000 100 8412 2000131613 25219 4867
0b000201 0b003001 10000 100 57979 2000093671 67833 13181
0b000f01 0b001f01 10000 100 192707 2000107716 95499 24477
0b002c01 0b001d01 10000 100 111641 2000127249 83769 17681
0b002c01 0b002501 10000 100 78689 2000161359 54846 10758
0b000901 0b004f01 10000 100 876854 2000045394 182678 85996
0b003001 0b003301 10000 100 373750 2000135655 94316 35496
0b002f01 0b001b01 10000 100 148343 2000148118 102861 20759
0b003301 0b002401 10000 100 41625 2000201119 62054 11811
0b001301 0b001a01 10000 100 1952481 2000029682 239493 167858
0b003a01 0b002f01 10000 100 33647 2000221574 58514 11142
0b001f01 0b000701 10000 100 10400 2000254652 42787 9194
0b001b01 0b001101 10000 100 97310 2000257039 58862 12321
0b000301 0b004101 10000 100 21649 2000292528 63372 14296
0b001f01 0b000601 10000 100 1785746 2000097047 262096 158037
0b001101 0b003a01 10000 100 19773 2000308819 57213 9978
0b000d01 0b004c01 10000 100 88778 2000292195 90773 19924
0b001501 0b000b01 10000 100 43198 2000323348 67232 11944
0b001801 0b002f01 10000 100 162380 2000293504 97852 21936
0b000901 0b002601 10000 100 9616 2000374245 41157 9127
0b003401 0b002701 10000 100 231659 2000285792 129814 27743
0b004c01 0b001901 10000 100 38418 2000347233 73052 15703
0b000601 0b003001 10000 100 1214833 2000237193 196463 110172
0b003501 0b004301 10000 100 204045 2000299429 147502 29590
0b000201 0b004e01 10000 100 30690 2000387742 78590 15054
0b004201 0b003201 10000 100 22522 2000396537 71907 14370
0b003501 0b000601 10000 100 107187 2000388341 81265 17309
0b002801 0b003501 10000 100 3884 2000481903 28647 8646
0b000201 0b001901 10000 100 72798 2000424467 92848 14424
0b001c01 0b000901 10000 100 58834 2000467244 70144 13253
0b001c01 0b000b01 10000 100 2521489 2000215750 324726 219723
0b002d01 0b001101 10000 100 2465275 2000203350 341272 215011
0b000301 0b000901 10000 100 76326 2000488960 57854 10561
0b000001 0b002c01 10000 100 199179 2000433548 113953 25022
0b004801 0b002401 10000 100 9825 2000501455 50577 13304
0b004d01 0b001f01 10000 100 6325 2000514518 43967 13012
0b003801 0b003a01 10000 100 589423 2000463909 114701 53579
0b003201 0b002401 10000 100 2465552 2000207805 392412 215033
0b002901 0b003301 10000 100 61405 2000537480 68908 13470
0b003201 0b003101 10000 100 696418 2000484316 145254 62549
0b001e01 0b003c01 10000 100 9379 2000597214 40791 9108
0b002c01 0b003401 10000 100 880870 2000488047 165862 82172
0b004d01 0b001701 10000 100 72710 2000603327 86134 18577
0b002b01 0b000801 10000 100 53381 2000631478 66526 12797
0b004f01 0b004401 10000 100 459437 2000562635 138217 42681
0b000301 0b000e01 10000 100 1741618 2000330149 371027 150178
0b001701 0b000f01 10000 100 23039 2000651770 54191 10255
0b000e01 0b001e01 10000 100 5777660 2000083528 661338 492720
0b003401 0b004e01 10000 100 40455 2000695373 74075 15873
0b003201 0b004c01 10000 100 3206 2000732579 37783 12751
0b002201 0b001f01 10000 100 35871 2000716253 60304 11327
0b001c01 0b000b01 10001 100 886138 2000605163 171836 82617
0b001301 0b001d01 10000 100 21235 2000767095 35805 5943
0b000901 0b003601 10000 100 149715 2000753073 88523 20873
0b004901 0b003301 10000 100 97899 2000749202 94410 20688
0b002401 0b002601 10000 100 65631 2000835327 50312 9663
0b001c01 0b004701 10000 100 29546 2000805886 80008 14958
0b004701 0b004301 10000 100 977958 2000781223 150052 86152
0b001601 0b001d01 10000 100 1643915 2000663449 271711 141986
0b004c01 0b004f01 10000 100 538771 2000677426 261211 49331
0b002e01 0b003201 10000 100 141715 2000859347 87312 20202
0b000401 0b001d01 10000 100 18783 2000845058 108808 9895
0b001d01 0b002001 10000 100 28762 2000879557 78681 10732
0b004201 0b001601 10000 100 2177638 2000613275 358670 195054
0b001401 0b000601 10000 100 69253 2000905606 71426 14129
0b000b01 0b004201 10000 100 2739628 2000616457 382503 242171
0b004a01 0b001901 10000 100 70819 2000916055 86196 18418
0b000701 0b001d01 10000 100 26414 2000984256 76116 10536
0b002a01 0b001201 10000 100 41723 2001030059 61998 11819
0b001c01 0b003f01 10000 100 33320 2001044830 59446 11116
0b004401 0b000e01 10000 100 1679921 2000735788 371485 153324
0b004501 0b004d01 10000 100 53234 2001065935 46932 8626
0b004a01 0b003801 10000 100 23520 2001054235 65074 14453
0b003f01 0b001d01 10000 100 1344237 2000778131 349115 121023
0b002301 0b004c01 10000 100 72782 2001042077 93514 18582
0b004c01 0b003601 10000 100 4732 2001087068 56599 12877
0b002401 0b004101 10000 100 7806 2001105255 46742 13135
0b002c01 0b002601 10000 100 1272667 2000980402 178693 110861
0b001601 0b004601 10000 100 596 2001147986 12414 12531
0b004e01 0b004701 10000 100 1142262 2001014822 165011 99930
0b002101 0b001b01 10000 100 2023 2001179184 27333 8493
0b004001 0b001d01 10000 100 2916967 2000746023 545923 257038
0b003201 0b001e01 10000 100 16243 2001246091 48394 9684
0b002401 0b004201 10000 100 5544 2001264787 42372 12946
0b002801 0b001801 10000 100 1064 2001292150 16727 8412
0b003c01 0b000d01 10000 100 5069 2001275870 39370 8748
0b001101 0b001201 10000 100 392367 2001229007 96213 37058
0b003d01 0b002201 10000 100 1881844 2001045163 290036 166094
0b000901 0b003901 10000 100 716524 2001156840 190736 68395
0b000801 0b000101 10000 100 12419 2001319330 28293 5203
0b001601 0b004a01 10000 100 28831 2001284636 68058 14897
0b000301 0b000d01 10000 100 9814549 2000199684 1184193 827013
0b002201 0b004f01 10000 100 3753063 2000553324 833707 327140
0b004d01 0b004701 10000 100 2283 2001376061 12604 4354
0b004f01 0b003201 10000 100 1575660 2000805248 599585 144584
0b002901 0b002501 10000 100 21480 2001370575 36272 5962
0b004501 0b002e01 10000 100 17209 2001346968 59988 13925
0b004a01 0b004501 10000 100 666345 2001299426 121784 60028
0b001201 0b003c01 10000 100 15827 2001359005 73665 9647
0b000d01 0b003c01 10000 100 4967733 2000861906 583525 424815
0b001701 0b004f01 10000 100 3633220 2000540148 907822 317092
0b003301 0b004701 10000 100 46666 2001363490 88757 16393
0b003401 0b003501 10000 100 3613 2001436979 16164 4464
0b003a01 0b004a01 10000 100 7127 2001461737 53982 13080
0b002f01 0b002301 10000 100 29663 2001483348 38696 6648
0b002401 0b004701 10000 100 906689 2001308975 225587 88498
0b004501 0b003a01 10000 100 26240 2001471503 75056 14682
0b002c01 0b002e01 10000 100 6392 2001532221 21778 4698
0b001d01 0b001f01 10000 100 352024 2001477599 92080 33677
0b001001 0b004901 10000 100 3981524 2000790620 788713 346292
0b001801 0b003201 10000 100 78502 2001500957 79243 14903
0b001c01 0b000601 10000 100 65858 2001511148 70349 13842
0b003201 0b003601 10000 100 255259 2001494126 88583 25563
0b001b01 0b001001 10000 100 53820 2001540133 47298 8672
0b003401 0b004701 10000 100 45948 2001522313 76771 16332
0b003001 0b001301 10000 100 3970352 2001033599 569031 341196
0b000701 0b003f01 10000 100 78056 2001529010 75391 14867
0b004f01 0b000501 10000 100 25202 2001494129 113537 14596
0b003f01 0b003901 10000 100 1485220 2001415487 197089 128683
0b001e01 0b004201 10000 100 6175 2001570952 44657 13000
0b001e01 0b002f01 10000 100 1406341 2001392860 229480 126230
0b003201 0b000701 10000 100 4468528 2000578888 1057221 382963
0b001801 0b004401 10000 100 68162 2001575550 84626 18197
0b000c01 0b000801 10000 100 1960549 2001425085 239472 168534
0b004201 0b004501 10000 100 465545 2001566181 103334 43193
0b002601 0b004301 10000 100 1372211 2001344201 326360 127529
0b001b01 0b000801 10000 100 4515 2001661028 32001 8700
0b001c01 0b002101 10000 100 757333 2001603182 155167 71817
0b002401 0b004e01 10000 100 21651 2001683830 77978 14296
0b004e01 0b001501 10000 100 161492 2001684886 106056 26021
0b001001 0b002601 10000 100 3554839 2001108380 686319 306358
0b003c01 0b003301 10000 100 58373 2001746363 48422 9056
0b000501 0b003901 10000 100 22684 2001714121 82222 10223
0b004f01 0b003001 10000 100 4445816 2000757231 1040830 385217
0b004f01 0b000301 10000 100 4571186 2000576666 1228146 395731
0b001101 0b003101 10000 100 728966 2001640448 183113 69436
0b002101 0b004801 10000 100 76 2001814098 12168 12489
0b004f01 0b001c01 10000 100 60955 2001745500 84288 17590
0b004601 0b002801 10000 100 6337443 2001026190 815524 543813
0b003901 0b002f01 10000 100 85294 2001744235 125061 15473
0b004601 0b004d01 10000 100 8595 2001847510 24417 4882
0b003301 0b001b01 10000 100 901735 2001661443 224372 83922
0b002f01 0b004801 10000 100 8401 2001861025 48550 13186
0b001101 0b000301 10000 100 7171 2001873251 38258 8924
0b003201 0b001501 10000 100 45235 2001890793 65693 12115
0b001601 0b000401 10000 100 586 2001949693 8365 8370
0b003001 0b002d01 10000 100 2921316 2001456836 507780 253245
0b004201 0b002601 10000 100 46957 2001917129 77764 16417
0b002801 0b004201 10000 100 35794 2001920258 87079 15481
0b004501 0b004d01 10001 100 119183 2001946686 61698 14155
0b001101 0b004e01 10000 100 474092 2001847649 162136 52231
0b003601 0b000501 10000 100 4607605 2000816625 1193944 394623
0b001801 0b003c01 10000 100 3917 2001970867 42821 8648
0b002801 0b002401 10000 100 10965 2002026171 26591 5079
0b004701 0b000c01 10000 100 120849 2001955648 99265 22612
0b002c01 0b001f01 10000 100 870678 2001887108 177331 81318
0b000f01 0b000501 10000 100 2037 2002064410 12625 4334
0b002701 0b000301 10000 100 9559 2002044628 50131 9123
0b001401 0b001e01 10000 100 4604327 2001276900 830417 390189
0b001c01 0b003b01 10000 100 51336 2002017024 106618 12626
0b002301 0b002501 10000 100 8544946 2001284163 840214 720568
0b000201 0b001001 10000 100 212649 2002020835 110729 26149
0b003a01 0b000c01 10000 100 147536 2002015799 129796 20691
0b000c01 0b002901 10000 100 676430 2001991778 163448 65034
0b002101 0b000701 10000 100 11605 2002102330 57560 9294
0b002001 0b002a01 10000 100 122594 2002101772 62349 14439
0b000401 0b000801 10000 100 71070 2002114741 51733 10122
0b000501 0b002e01 10000 100 15349 2002110783 56968 9609
0b000e01 0b003a01 10000 100 64914 2002064369 113109 13762
0b003801 0b003a01 10001 100 911313 2001929705 251709 80567
0b001001 0b000a01 10000 100 2943100 2001831482 379497 255072
0b001b01 0b001501 10000 100 28610 2002202280 37994 6560
0b003701 0b003801 10000 100 37403 2002203546 41709 7298
0b003501 0b000201 10000 100 8008859 2001343767 906448 679783
0b001101 0b002b01 10000 100 72660 2002190204 81912 14413
0b003501 0b002c01 10000 100 47746 2002208015 64926 12324
0b004d01 0b001201 10000 100 8421 2002234125 48561 13188
0b000f01 0b004801 10000 100 4445992 2001787697 513438 385232
0b003f01 0b003401 10000 100 994151 2002156933 154673 87512
0b003201 0b001101 10000 100 488724 2002128649 189878 49295
0b000801 0b003201 10000 100 44707 2002259685 63172 12069
0b002b01 0b000b01 10000 100 24775 2002274456 53997 10398
0b002901 0b003901 10000 100 18712 2002264248 65624 9889
0b001301 0b000101 10000 100 3454 2002302492 28655 8611
0b002d01 0b004601 10000 100 22762 2002268519 64138 14389
0b001d01 0b003f01 10000 100 34255 2002259372 88242 11194
0b002901 0b002d01 10000 100 1957904 2002116164 269911 168311
0b000001 0b004101 10000 100 766072 2002138933 253177 76711
0b003a01 0b004b01 10000 100 38422 2002320923 73529 15703
0b000e01 0b001801 10000 100 6918 2002364158 58227 8900
0b004401 0b001101 10000 100 151178 2002261096 166294 25157
0b003701 0b000a01 10000 100 14015 2002359020 71381 9498
0b003d01 0b004d01 10000 100 32944 2002367870 70221 15242
0b000801 0b002d01 10000 100 378 2002436369 8291 8354
0b002901 0b000f01 10000 100 581233 2002247682 207899 57053
0b004401 0b000201 10000 100 39525 2002345152 126443 15795
0b001401 0b003401 10000 100 26149 2002408219 84072 10515
0b004801 0b001701 10000 100 24456 2002398169 96172 14532
0b000d01 0b003201 10000 100 8096 2002469125 39587 9002
0b002001 0b001101 10000 100 2302589 2002194031 314700 201370
0b002201 0b003a01 10000 100 8335009 2001423652 1097716 707130
0b001b01 0b000e01 10000 100 182035 2002354888 187706 23585
0b002701 0b000601 10000 100 124256 2002458151 84838 18740
0b002901 0b000901 10000 100 58861 2002504935 70112 13255
0b004b01 0b001a01 10000 100 3746 2002544984 38468 12795
0b004301 0b002701 10000 100 6672 2002540414 44201 13040
0b001401 0b003f01 10000 100 1919803 2002161552 452449 169277
0b000e01 0b000201 10000 100 1361330 2002436560 185027 118296
0b001701 0b000a01 10000 100 67523 2002555909 102281 13982
0b001001 0b003601 10000 100 231542 2002523678 142979 27734
0b004701 0b003701 10000 100 4732 2002608593 62143 12877
0b004e01 0b003901 10000 100 58638 2002616481 82308 17397
0b003a01 0b000801 10000 100 39166 2002622264 92895 11606
0b000b01 0b002801 10000 100 169551 2002648186 102440 22536
0b004e01 0b003c01 10000 100 10433 2002688334 63810 13356
0b001701 0b001a01 10000 100 16110554 2001132051 1626030 1354870
0b003301 0b000901 10000 100 1829746 2002527337 254833 161726
0b004d01 0b000001 10000 100 4748183 2002157877 671638 410570
0b002501 0b000301 10000 100 39498 2002798485 61227 11633
0b004901 0b003401 10000 100 6865 2002805613 54989 13056
0b004301 0b004c01 10000 100 4743 2002855782 18245 4558
0b000101 0b004901 10000 100 55180 2002751724 122340 17109
0b000a01 0b001d01 10000 100 31407 2002823022 84693 10955
0b000b01 0b002c01 10000 100 14644 2002863544 46380 9549
0b003001 0b003601 10000 100 63348 2002870210 49853 9473
0b001a01 0b003d01 10000 100 21511 2002831908 100930 10125
0b004001 0b004e01 10000 100 69419 2002882411 51327 9982
0b001e01 0b004401 10000 100 902440 2002657312 279414 88142
0b004d01 0b001001 10000 100 24788 2002847371 98929 14559
0b004201 0b002f01 10000 100 133738 2002800070 167670 23693
0b000e01 0b002d01 10000 100 14857 2002938070 47348 9566
0b000001 0b004c01 10000 100 3035416 2002300650 686152 266971
0b003101 0b003f01 10000 100 52414 2002941696 46666 8556
0b002501 0b002001 10000 100 28263 2002970857 37920 6532
0b001301 0b001f01 10000 100 3797456 2002614411 406631 322540
0b001201 0b002f01 10000 100 5689085 2002402385 619468 485296
0b000801 0b001501 10000 100 36147 2002962770 59991 11353
0b001701 0b002c01 10000 100 59035 2002925256 99280 13273
0b003001 0b000901 10000 100 69426 2002927198 99567 14142
0b004301 0b003901 10000 100 10438 2002994657 55680 13357
0b003901 0b004501 10000 100 911540 2002860494 199074 88905
0b003601 0b004201 10000 100 13339 2002977265 84706 13600
0b004501 0b004301 10000 100 65934 2003017681 53063 9688
0b003e01 0b001601 10000 100 39573 2003014231 62403 11639
0b004e01 0b001801 10000 100 25337 2003009876 78726 14606
0b001c01 0b003301 10000 100 110156 2003008283 81410 17558
0b003801 0b000501 10000 100 9020535 2001296597 1801339 764603
0b004701 0b004101 10000 100 8854550 2002175739 922283 746527
0b000d01 0b001301 10000 100 7156 2003078381 37759 8923
0b000001 0b000a01 10000 100 1010609 2002894729 222779 88890
0b000c01 0b001e01 10000 100 530237 2002995813 156837 52778
0b004e01 0b002e01 10000 100 1249100 2002769151 389888 117208
0b002601 0b000901 10000 100 19591 2003093092 75688 9964
0b000a01 0b001501 10000 100 6984016 2001868969 1313284 593863
0b001e01 0b001801 10000 100 77740 2003121698 62331 10678
0b002e01 0b002301 10000 100 7418 2003166119 23203 4784
0b003d01 0b000b01 10000 100 43933 2003138036 70503 12003
0b003a01 0b004a01 10001 100 6327 2003172655 45684 13013
0b001c01 0b000e01 10000 100 4879 2003190838 32110 8729
0b000001 0b002201 10000 100 1527311 2002908248 336365 136372
0b003c01 0b002501 10000 100 53854 2003160428 100072 12835
0b004101 0b001f01 10000 100 9347 2003222604 58387 13266
0b000b01 0b002601 10000 100 13238 2003240775 45610 9432
0b001501 0b001301 10000 100 16105 2003279725 31289 5513
0b002a01 0b001e01 10000 100 7360150 2001935732 1386092 625398
0b000301 0b004a01 10000 100 1373119 2002775791 549615 127605
0b004f01 0b002201 10000 100 36181 2003262359 77502 15516
0b000701 0b004b01 10000 100 12944 2003242278 104569 13565
0b002d01 0b002e01 10000 100 1925363 2003116188 236283 165584
0b002a01 0b000d01 10000 100 317509 2003206188 148652 34941
0b001b01 0b001001 10001 100 3905 2003350506 16141 4487
0b003a01 0b002801 10000 100 7314 2003309455 60997 8935
0b002c01 0b004e01 10000 100 58573 2003277451 111077 17392
0b000301 0b002101 10000 100 20471 2003338013 51791 10038
0b000101 0b002401 10000 100 60660 2003293101 103226 13407
0b004801 0b003001 10000 100 4510 2003365430 74288 12860
0b003e01 0b002d01 10000 100 33118 2003381635 58709 11100
0b000b01 0b004901 10000 100 174261 2003334498 122220 27092
0b000301 0b004b01 10000 100 2679572 2003033825 449256 237136
0b003001 0b001f01 10000 100 6984 2003428326 74204 8905
0b004301 0b003b01 10000 100 4899689 2002809377 694632 423271
0b000001 0b002f01 10000 100 1719602 2003141932 362160 152492
0b002001 0b003f01 10000 100 21592 2003454174 68894 10131
0b002301 0b004901 10000 100 52497 2003417305 110511 16883
0b002a01 0b002801 10000 100 72078 2003483452 52081 10206
0b003701 0b004b01 10000 100 4637904 2002271885 1265510 401322
0b002e01 0b002c01 10000 100 40573 2003496071 43783 7563
0b000801 0b003501 10000 100 27488 2003479237 86648 10626
0b001501 0b001601 10000 100 24650 2003530741 36060 6228
0b001a01 0b002d01 10000 100 53711 2003477270 89532 12824
0b002c01 0b004a01 10000 100 1700369 2002952425 628650 155041
0b001001 0b003f01 10000 100 824582 2003300954 281194 77454
0b003b01 0b000001 10000 100 568057 2003396226 187391 55949
0b002d01 0b001401 10000 100 3229 2003611815 28714 8593
0b004101 0b002601 10000 100 193079 2003544703 113655 28671
0b001a01 0b004501 10000 100 2305748 2002882376 777722 205794
0b001c01 0b001d01 10000 100 2338 2003653603 12506 4358
0b001b01 0b003401 10000 100 2138561 2003361914 306738 187618
0b001201 0b004e01 10000 100 902929 2003508588 187810 88181
0b004601 0b003301 10000 100 3012893 2003243095 485774 265081
0b004101 0b002301 10000 100 59459 2003638551 93208 17467
0b000101 0b001401 10000 100 6015 2003697761 36323 8828
0b002f01 0b002401 10000 100 20619 2003712295 33877 5890
0b001401 0b002b01 10000 100 16574299 2001349859 2406896 1397911
0b000501 0b002901 10000 100 80307 2003685850 74450 15055
0b002101 0b000601 10000 100 44439 2003716461 63316 12047
0b003201 0b003901 10000 100 4348 2003765213 18108 4527
0b002001 0b004b01 10000 100 71543 2003651502 135614 18479
0b001c01 0b004701 10001 100 46257 2003712660 77208 16361
0b004701 0b004d01 10000 100 307082 2003734697 87238 29909
0b003e01 0b003501 10000 100 6804 2003800157 21844 4731
0b000301 0b000201 10000 100 1801400 2003604397 231591 155191
0b001a01 0b003501 10000 100 1871 2003839918 16822 8477
0b001c01 0b000001 10000 100 1045891 2003532327 333695 96007
0b001a01 0b001d01 10000 100 431712 2003769096 101234 40355
0b003701 0b004c01 10000 100 79935 2003802252 88317 19182
0b004a01 0b001a01 10000 100 50657 2003837319 78501 16728
0b002a01 0b000101 10000 100 59629 2003844100 89521 13320
0b003b01 0b004901 10000 100 9380077 2002472453 1472985 798909
0b000101 0b002201 10000 100 2598790 2003430789 524671 226203
0b001301 0b002501 10000 100 109312 2003893789 92735 17487
0b002e01 0b004501 10000 100 3566441 2003470038 549507 311492
0b003601 0b001201 10000 100 229068 2003905896 135541 27528
0b003c01 0b004501 10000 100 683 2004034080 12698 12538
0b004301 0b000e01 10000 100 67447 2003973096 87309 18136
0b001001 0b000301 10000 100 22476 2003970175 92523 10206
0b003e01 0b001301 10000 100 38633 2003972062 92642 11560
0b003d01 0b000201 10000 100 431911 2003842596 224641 44531
0b001301 0b003601 10000 100 190950 2003978778 95318 24329
0b003001 0b003501 10000 100 26332 2004056858 37250 6370
0b004301 0b003401 10000 100 7041 2004040177 60843 13074
0b000601 0b001d01 10000 100 59130 2004037692 68339 13280
0b004d01 0b002d01 10000 100 577863 2003960955 155622 60928
0b003401 0b002f01 10000 100 6528 2004076335 47632 8869
0b003801 0b002501 10000 100 4546060 2002747784 1379820 389465
0b002001 0b003b01 10000 100 4401592 2003196949 961232 377351
0b004c01 0b000201 10000 100 57911 2004065596 138935 17335
0b001301 0b003b01 10000 100 26034 2004157564 55115 10506
0b004001 0b000901 10000 100 815582 2003869907 369233 80860
0b004d01 0b002b01 10000 100 41472 2004167495 92790 15959
0b004901 0b003401 10001 100 2232154 2003937313 324003 199627
0b002501 0b002c01 10000 100 193892 2004194029 73439 20416
0b001901 0b001d01 10000 100 1430824 2004084434 191878 124120
0b001d01 0b004001 10000 100 121560 2004185859 109277 22673
0b003801 0b003701 10000 100 6489353 2002527574 1780276 548229
0b003801 0b001501 10000 100 6521187 2002497453 1813169 555059
0b001e01 0b004401 10001 100 2755 2004299068 29563 12711
0b002a01 0b003d01 10000 100 2054 2004307847 35011 8495
0b003701 0b000e01 10000 100 133759 2004235528 119362 19535
0b002c01 0b002301 10000 100 4287617 2003841945 561981 363635
0b001801 0b000e01 10000 100 879 2004413969 8424 8394
0b000601 0b001701 10000 100 1827 2004405669 16872 8473
0b000e01 0b003d01 10000 100 217847 2004325238 103659 26584
0b000d01 0b004201 10000 100 49401 2004305818 134377 16624
0b002d01 0b004b01 10000 100 70433 2004330437 117864 18387
0b004701 0b000b01 10000 100 2972 2004438610 45720 12729
0b001801 0b004801 10000 100 6803 2004487221 69746 13051
0b004f01 0b001501 10000 100 68430 2004491851 87703 18219
0b004c01 0b000401 10000 100 11287 2004484305 111364 13429
0b004e01 0b004d01 10000 100 67287 2004567021 51604 9804
0b004b01 0b004d01 10000 100 4242 2004608729 18090 4518
0b001501 0b000201 10000 100 3246040 2003771999 866923 280471
0b001801 0b004001 10000 100 158411 2004545244 106019 25763
0b004501 0b001701 10000 100 43101 2004598533 75899 16097
0b001f01 0b000301 10000 100 4976590 2003575860 1110064 425558
0b001b01 0b004f01 10000 100 9373 2004650060 85107 13268
0b004a01 0b001901 10001 100 8937 2004690410 48679 13229
0b001e01 0b001501 10000 100 60287 2004690544 49137 9217
0b001a01 0b003001 10000 100 64434 2004668876 73762 13724
0b001101 0b001901 10000 100 8684 2004738972 24431 4889
0b002901 0b002601 10000 100 684102 2004489399 294104 61518
0b004f01 0b003901 10000 100 5911 2004709035 74895 12975
0b000501 0b001701 10000 100 46025 2004660170 128797 12182
0b000301 0b002601 10000 100 16485 2004723622 98781 9704
0b003f01 0b004b01 10000 100 71722 2004697774 125663 18494
0b001801 0b000a01 10000 100 380756 2004705883 127516 40243
0b000701 0b002901 10000 100 2905292 2004158922 675510 251902
0b000801 0b000701 10000 100 386 2004835845 4106 4194
0b001301 0b001b01 10000 100 15605 2004822100 30656 5469
0b003701 0b002301 10000 100 37301 2004735457 133208 11450
0b002c01 0b001501 10000 100 1220441 2004598539 290935 110643
0b003001 0b001b01 10000 100 38707 2004830758 91952 11566
0b004401 0b000c01 10000 100 1150796 2004443445 523413 108963
0b001a01 0b002701 10000 100 4176 2004922157 48183 8673
0b002e01 0b002501 10000 100 38070 2004945900 41976 7355
0b004201 0b000601 10000 100 65128 2004798153 190885 17943
0b001a01 0b004401 10000 100 655331 2004572790 420856 67425
0b001301 0b000e01 10000 100 30088 2004942082 57152 10846
0b003b01 0b003801 10000 100 59797 2004971982 50197 9174
0b000301 0b004101 10001 100 461992 2004699533 353022 51213
0b002701 0b002601 10000 100 3719266 2004231401 825926 315986
0b000f01 0b004e01 10000 100 905 2005073286 13059 12556
0b004d01 0b000b01 10000 100 122634 2004851288 235500 22763
0b001c01 0b003901 10000 100 41490 2005026437 62123 11800
0b001a01 0b000701 10000 100 782859 2004932027 161116 73955
0b002201 0b001101 10000 100 9255 2005058442 40856 9098
0b003901 0b002301 10000 100 4324555 2004098014 1015308 370892
0b002801 0b003901 10000 100 56933 2005051630 67740 13093
0b003501 0b000201 10001 100 857598 2004774524 364210 80222
0b002101 0b000a01 10000 100 227503 2004958370 203203 27395
0b000f01 0b001f01 10001 100 29078 2005136421 56410 10761
0b001901 0b003101 10000 100 1949 2005159710 35324 8483
0b002401 0b001901 10000 100 28296 2005145129 58953 10695
0b003201 0b004801 10000 100 4507 2005145811 61031 12859
0b003701 0b003101 10000 100 2284080 2004925151 301583 195660
0b004401 0b002901 10000 100 3898307 2004426335 821362 339316
0b004c01 0b000201 10001 100 1226637 2004738258 528944 115322
0b002801 0b002001 10000 100 62363 2005220726 49484 9390
0b004101 0b002801 10000 100 101756 2005063069 207657 21012
0b000f01 0b000501 10001 100 14029 2005241496 29807 5339
0b000901 0b004401 10000 100 3937234 2004043413 1249449 342580
0b003101 0b002601 10000 100 32296 2005274555 60450 11030
0b003001 0b002601 10000 100 376891 2005192971 149536 39918
0b000001 0b003401 10000 100 84031 2005268314 75314 15368
0b003a01 0b003801 10000 100 2335713 2005078559 286566 199987
0b003b01 0b000201 10000 100 4718009 2004343346 1021963 403881
0b004101 0b004201 10000 100 6400173 2004517756 859308 540753
0b002001 0b000501 10000 100 67490 2005285291 94149 13980
0b001601 0b003301 10000 100 21846 2005281293 101938 10152
0b004701 0b000e01 10000 100 23051 2005321061 66140 14416
0b003801 0b002801 10000 100 19537 2005291837 119262 9959
0b000f01 0b001601 10000 100 23603 2005341769 75780 10300
0b001401 0b000201 10000 100 28307 2005393401 75017 10695
0b000a01 0b001b01 10000 100 182643 2005405893 97018 23634
0b000801 0b002b01 10000 100 8737293 2003707513 1811537 740857
0b003401 0b001501 10000 100 1567 2005502357 17047 8453
0b004501 0b001201 10000 100 2976 2005486111 33477 12729
0b004f01 0b002201 10001 100 17134 2005383162 141857 13919
0b000b01 0b003001 10001 100 13991 2005478431 57579 9493
0b000b01 0b002201 10000 100 19487 2005448856 94076 9955
0b000301 0b004801 10000 100 2459503 2004546694 1019975 218686
0b003b01 0b004301 10000 100 30781 2005446753 142365 15061
0b000e01 0b004701 10000 100 4456564 2004144002 1446065 386120
0b000501 0b001001 10000 100 1443 2005565942 30551 8443
0b003101 0b000501 10000 100 153279 2005476167 122136 21173
0b004801 0b003c01 10000 100 161872 2005492289 116657 26051
0b002f01 0b003001 10000 100 9213082 2003800302 1832392 780748
0b000c01 0b002b01 10000 100 579607 2005320649 330736 56915
0b004701 0b002e01 10000 100 31200 2005550717 113932 15098
0b002501 0b001b01 10000 100 15964 2005582900 85651 9658
0b002701 0b002301 10000 100 3560347 2004889820 787597 302662
0b002c01 0b002f01 10000 100 69942 2005629744 52062 10024
0b004601 0b002401 10000 100 2231614 2004840068 844852 199580
0b003901 0b000201 10000 100 67256 2005607485 83219 13961
0b001c01 0b004301 10000 100 45277 2005609633 82499 16278
0b003401 0b002401 10000 100 1784355 2005240107 456781 157922
0b001b01 0b004a01 10000 100 6538 2005652906 53330 13029
0b003c01 0b000701 10000 100 239411 2005585524 135639 28394
0b001a01 0b001f01 10000 100 1768458 2005505268 229517 152429
0b002601 0b002f01 10000 100 7226543 2004439356 1329159 610035
0b004001 0b002701 10000 100 44003 2005640807 139151 16173
0b001d01 0b004c01 10000 100 4554275 2004694879 1094610 394313
0b001101 0b001c01 10000 100 4831523 2004992462 822198 409236
0b004e01 0b000a01 10000 100 1954219 2005205731 613904 176324
0b004c01 0b002f01 10000 100 33943 2005686981 145370 15326
0b001101 0b004701 10000 100 3679533 2005097362 745942 320973
0b001b01 0b000201 10000 100 440542 2005632427 213665 45256
0b004f01 0b004601 10000 100 138523 2005787306 66420 15775
0b002601 0b003d01 10000 100 6303561 2004374655 1481708 536812
0b002101 0b003001 10000 100 911689 2005433503 425482 84757
0b000301 0b001701 10000 100 64319 2005797170 104989 13715
0b000801 0b002c01 10000 100 952674 2005675346 257005 88193
0b000801 0b000501 10000 100 5246814 2005231458 704519 444053
0b002001 0b000001 10000 100 2434941 2005380115 569525 212465
0b000b01 0b004201 10001 100 787956 2005323972 640215 78542
0b000c01 0b003901 10000 100 60470 2005842062 123951 13391
0b002301 0b001401 10000 100 24179 2005898957 81181 10350
0b003801 0b001401 10000 100 4957647 2005034522 973083 423970
0b002801 0b001801 10001 100 89552 2005939075 76580 15829
0b000a01 0b003901 10000 100 3790 2005965456 54071 8638
0b003801 0b002c01 10000 100 26794 2005975251 55223 10567
0b003401 0b003d01 10000 100 36348 2005994958 41361 7209
0b003201 0b002901 10000 100 60739 2005948963 99383 13413
0b004a01 0b002b01 10000 100 63719 2005885432 178262 17823
0b002c01 0b003101 10000 100 4545546 2005078038 1004840 389420
0b002a01 0b003101 10000 100 47566 2005939085 149708 12309
0b003901 0b003f01 10000 100 9024 2006066655 25489 4920
0b000d01 0b000b01 10000 100 5360 2006074937 20389 4611
0b000c01 0b002901 10001 100 35696 2006038223 75048 11313
0b001401 0b002f01 10000 100 1496680 2005791986 321287 133802
0b003701 0b001701 10000 100 41534 2006049679 64089 11804
0b000c01 0b000901 10000 100 192256 2006032326 86146 20281
0b003a01 0b002c01 10000 100 78201 2006030777 96067 14879
0b000201 0b004501 10000 100 1736792 2005103706 1035877 158093
0b003701 0b004601 10000 100 2232678 2005770088 407518 199668
0b001301 0b003801 10000 100 106894 2006100612 88549 17282
0b004b01 0b002501 10000 100 3874701 2005259912 941897 337336
0b004301 0b003901 10001 100 5211 2006193355 51162 12919
0b003301 0b001a01 10000 100 31453 2006106777 140862 10959
0b000101 0b004801 10000 100 1286503 2005877453 371283 120342
0b001501 0b001e01 10000 100 7241338 2004984433 1265777 611276
0b001f01 0b001401 10000 100 7158638 2005147050 1106809 604341
0b001a01 0b001401 10000 100 77493 2006197030 61155 10658
0b004601 0b004201 10000 100 3059370 2005573805 698055 260660
0b003101 0b000901 10000 100 36313 2006194402 80981 11367
0b000a01 0b000c01 10000 100 22640 2006268056 39296 6059
0b003301 0b000501 10000 100 1987625 2005789200 528874 174963
0b000901 0b004101 10000 100 162412 2006125213 200478 26098
0b002c01 0b000e01 10000 100 73352 2006198729 127249 14472
0b000b01 0b000c01 10000 100 44703 2006287801 47927 7909
0b000a01 0b003301 10000 100 1008 2006291372 45275 8408
0b001201 0b004b01 10000 100 59158 2006184832 163880 17443
0b001b01 0b002301 10000 100 40116 2006317668 70033 11686
0b004001 0b002a01 10000 100 69953 2006210757 197394 18345
0b002b01 0b004501 10000 100 157466 2006268293 145084 25684
0b001901 0b000601 10000 100 9541 2006347459 71244 9121
0b001901 0b002d01 10000 100 7800509 2005166528 1280141 662316
0b002d01 0b002201 10000 100 7646 2006427910 23137 4802
0b002f01 0b000301 10000 100 6205 2006396334 67523 8843
0b002701 0b004801 10000 100 7109 2006390784 87362 13079
0b001a01 0b003f01 10000 100 456577 2005989318 493448 46601
0b000201 0b002801 10000 100 65587 2006390826 116179 13820
0b000c01 0b000b01 10000 100 252145 2006425811 89597 25303
0b001e01 0b000201 10000 100 8882 2006438932 83640 9065
0b004101 0b003701 10000 100 3443870 2005771313 757628 301214
0b004f01 0b004601 10001 100 19597 2006494791 35804 5804
0b002101 0b002301 10000 100 15511229 2004235727 2297579 1304624
0b004301 0b000d01 10000 100 35263 2006378408 157393 15439
0b000c01 0b003601 10000 100 2175698 2006000766 535132 190731
0b004001 0b000501 10000 100 178396 2006310522 225509 27439
0b000701 0b000b01 10000 100 25063 2006506155 36813 6264
0b003c01 0b000201 10000 100 3947 2006510059 32979 8651
0b001701 0b004201 10000 100 29813 2006491696 76800 14980
0b000701 0b004701 10000 100 32776 2006424287 153354 15228
0b003c01 0b001601 10000 100 1489483 2006353536 240888 133200
0b002501 0b001001 10000 100 1488402 2006255868 349070 133109
0b000301 0b000701 10000 100 44107 2006584641 44089 7861
0b001601 0b000f01 10000 100 1161176 2006232916 399103 105676
0b003e01 0b004401 10000 100 9048 2006557110 92445 13242
0b004001 0b003401 10000 100 58157 2006495484 156414 17359
0b001b01 0b003901 10000 100 3474564 2005035872 1627168 299629
0b001201 0b003601 10000 100 24428 2006563347 106620 10370
0b000001 0b004301 10000 100 5784 2006599513 71734 12965
0b000b01 0b001701 10000 100 9074635 2004817269 1863839 769138
0b002201 0b003d01 10000 100 6680 2006629397 55581 8881
0b004201 0b004701 10000 100 26300 2006657276 37372 6367
0b004201 0b003901 10000 100 2569700 2004911647 1784462 227924
0b003501 0b001401 10000 100 48511 2006579272 119363 12389
0b004b01 0b002301 10000 100 29947 2006611976 87693 14990
0b004c01 0b000c01 10000 100 436 2006670741 29708 12518
0b001101 0b001801 10000 100 3702332 2006307011 397976 314566
0b003e01 0b004c01 10000 100 60030 2006597686 108966 17516
0b003301 0b004001 10000 100 5409758 2004430547 2303893 466035
0b004301 0b001701 10000 100 609958 2006542301 251041 63619
0b001301 0b004c01 10000 100 22576 2006707737 93356 14374
0b003201 0b001101 10001 100 3368 2006775419 28528 8604
0b002901 0b004601 10000 100 20511 2006702916 103419 14201
0b001a01 0b002101 10000 100 109142 2006697158 112015 17473
0b002601 0b002a01 10000 100 6757191 2005867086 942940 570686
0b003c01 0b002b01 10000 100 29841 2006757220 61333 10822
0b002a01 0b003c01 10000 100 770593 2006178487 656260 72928
0b004c01 0b004d01 10000 100 4332160 2006347003 497692 367371
0b000b01 0b002001 10000 100 9657 2006831892 51766 9130
0b000b01 0b003601 10000 100 1829810 2005649453 1285627 161732
0b004001 0b001901 10000 100 6479 2006869603 91767 13025
0b002101 0b000f01 10000 100 26342 2006908247 54865 10531
0b002d01 0b002f01 10000 100 59258 2006922326 49261 9131
0b003b01 0b001101 10000 100 3644 2006947686 28862 8626
0b003c01 0b001901 10000 100 113466 2006824292 156735 17835
0b002301 0b003f01 10000 100 37702 2006922535 61858 11482
0b000e01 0b002f01 10000 100 15041 2006952536 47254 9584
0b004701 0b004f01 10000 100 230159 2006943402 78134 23459
0b003201 0b004201 10000 100 606 2006995435 29453 12532
0b004b01 0b004201 10000 100 2129296 2006621201 412602 182682
0b000d01 0b003801 10000 100 147575 2006970492 97236 20694
0b001801 0b000301 10000 100 4967 2007056796 53994 8736
0b000201 0b003c01 10000 100 526 2007119389 8292 8365
0b003a01 0b002201 10000 100 104932 2007057012 77727 17117
0b003c01 0b004501 10001 100 54082 2006997703 143040 17017
0b001401 0b004f01 10000 100 338402 2006960932 187898 40853
0b004401 0b003301 10000 100 29988 2006991481 172578 14994
0b001701 0b002801 10000 100 83608 2007093229 79666 15331
0b003c01 0b004801 10000 100 804722 2006771597 436320 79948
0b002a01 0b002501 10000 100 462862 2007057769 155051 42966
0b004e01 0b004601 10000 100 4501 2007211455 18285 4539
0b002201 0b001d01 10000 100 786932 2006848261 417041 74296
0b003f01 0b000101 10000 100 2583856 2006551317 719478 224951
0b004501 0b000e01 10000 100 7087167 2005505974 1795500 606671
0b003b01 0b000f01 10000 100 3506 2007275010 37419 8615
0b001301 0b003d01 10000 100 510883 2007180855 151398 51152
0b001c01 0b004801 10000 100 166513 2007134014 207320 26442
0b002201 0b000b01 10000 100 65674 2007230165 118660 13827
0b004b01 0b004401 10000 100 29749 2007313116 38747 6655
0b000801 0b003f01 10000 100 173333 2007235981 116627 22854
0b002201 0b004301 10000 100 52533 2007250881 106577 16886
0b000001 0b004e01 10000 100 23034 2007271971 106791 14414
0b002001 0b003301 10000 100 42112 2007323260 74448 11854
0b004801 0b003a01 10000 100 1718069 2006768180 638854 156526
0b002001 0b003001 10000 100 52900 2007311528 147611 12755
0b002601 0b004101 10000 100 60120 2007282017 185477 17523
0b003c01 0b004501 10002 100 1074256 2007170513 310171 102548
0b000701 0b003401 10000 100 28334 2007418063 65260 10698
0b002201 0b003b01 10000 100 26758 2007437438 55143 10564
0b001701 0b001101 10000 100 3433571 2007121332 374093 292032
0b003b01 0b004401 10000 100 3353 2007455853 44968 12763
0b000f01 0b004401 10000 100 29099 2007432019 75117 14923
0b001a01 0b001401 10001 100 46676 2007463282 44860 8074
0b002b01 0b003801 10000 100 42623 2007450228 63977 11894
0b002901 0b003901 10001 100 37719 2007455724 60487 11483
0b003b01 0b001d01 10000 100 11409 2007443186 78613 9278
0b003901 0b001901 10000 100 1938395 2007000646 522187 170837
0b001301 0b004901 10000 100 1737302 2006781145 756471 158138
0b001f01 0b001801 10000 100 1746891 2007342276 220025 150619
0b001401 0b001901 10000 100 3959284 2006926251 636232 336109
0b000601 0b000801 10000 100 5775738 2006974247 588570 488398
0b000d01 0b004e01 10000 100 1892921 2006855112 713915 171182
0b003701 0b001b01 10000 100 638363 2007262482 324151 61842
0b004301 0b004801 10000 100 1207019 2007390623 205036 105360
0b001301 0b001b01 10001 100 1064100 2007419490 180246 93377
0b000401 0b000e01 10000 100 189090 2007530071 72722 20016
0b000d01 0b004901 10000 100 27607 2007518897 122656 14796
0b002501 0b003701 10000 100 54760 2007592116 67077 12912
0b002701 0b004301 10000 100 7422311 2006130832 1529912 634769
0b004801 0b001b01 10000 100 117369 2007534441 157651 22322
0b001401 0b004b01 10000 100 6393 2007583872 124684 13018
0b004601 0b002601 10000 100 16926473 2003821272 3900808 1431597
0b000701 0b004301 10000 100 45091 2007608078 142211 16263
0b000a01 0b002c01 10000 100 246442 2007536190 220962 28983
0b000e01 0b001201 10000 100 23349 2007722110 71791 10280
0b003101 0b003201 10000 100 112694 2007736411 63249 13609
0b002101 0b001c01 10000 100 499944 2007642962 160626 50235
0b004101 0b000001 10000 100 722323 2007506261 299811 73042
0b000e01 0b002001 10000 100 196230 2007606897 210592 24774
0b004801 0b003301 10000 100 45258 2007736067 87829 16277
0b002801 0b000b01 10000 100 1127 2007793300 51552 8417
0b002801 0b000a01 10000 100 25334 2007786214 93287 10446
0b002601 0b000801 10000 100 121229 2007767621 137283 18486
0b002a01 0b004301 10000 100 9222896 2004986667 2931718 785728
0b004501 0b000101 10000 100 791056 2007676631 252598 78805
0b004101 0b003f01 10000 100 77132 2007802528 128021 18950
0b002e01 0b002201 10000 100 3159 2007916815 16057 4428
0b002601 0b003701 10000 100 2035776 2007463838 471970 179000
0b000701 0b003201 10000 100 26124 2007816032 121386 10513
0b003a01 0b001501 10000 100 1294910 2007609176 334642 116885
0b000e01 0b001101 10000 100 22473 2007878670 73371 10206
0b001401 0b002a01 10000 100 1107477 2007459417 511761 101172
0b000f01 0b000901 10000 100 8566 2007958909 24623 4879
0b000901 0b000c01 10000 100 1768148 2007752222 243371 152404
0b004101 0b003501 10000 100 754902 2007244095 752814 75771
0b004c01 0b002101 10000 100 30495 2007923701 78250 15038
0b002101 0b001201 10000 100 3674204 2007349549 678386 316368
0b002201 0b004e01 10000 100 5660 2008001576 42474 12955
0b004101 0b004701 10000 100 66804 2007992318 53433 9761
0b004901 0b000b01 10000 100 9306072 2006085924 1965923 792704
0b002301 0b004d01 10000 100 7349 2008000639 75112 13098
0b001a01 0b000301 10000 100 56834 2008001530 88073 13085
0b002301 0b000d01 10000 100 14147 2008008402 101590 9509
0b002101 0b004601 10000 100 95275 2007892061 232878 20470
0b002c01 0b004601 10000 100 23803 2007974265 153652 14476
0b002d01 0b001201 10000 100 535960 2007968609 170580 53255
0b001301 0b001401 10000 100 74997 2008101422 52788 10447
0b002801 0b000201 10000 100 92921 2008060540 95347 16110
0b003101 0b002801 10000 100 74406 2008082857 75348 14560
0b002801 0b003901 10001 100 27767 2008093936 66230 10648
0b002801 0b002c01 10000 100 67965 2008153039 50899 9858
0b001b01 0b004301 10000 100 298828 2007986129 236149 37534
0b002c01 0b003301 10000 100 42239 2008159728 67492 11864
0b000001 0b001c01 10000 100 9683 2008164304 68271 9133
0b003a01 0b000b01 10000 100 5036 2008232560 34263 8745
0b000b01 0b002001 10001 100 30479 2008152839 115758 10877
0b002901 0b001a01 10000 100 18124 2008203351 67575 9842
0b003701 0b004301 10000 100 22790 2008155375 119567 14391
0b003d01 0b003101 10000 100 678609 2008180696 123508 61056
0b002901 0b002b01 10000 100 17619 2008273089 32085 5638
0b004201 0b004d01 10000 100 119965 2008201655 105424 14218
0b001601 0b001e01 10000 100 44227 2008266093 45446 7870
0b003a01 0b004901 10000 100 785 2008301127 21621 12546
0b001301 0b000101 10001 100 4784 2008319473 32235 8721
0b000701 0b004001 10000 100 1187567 2007766450 603429 112047
0b002f01 0b002401 10001 100 2033018 2008120486 263292 174612
0b003201 0b004b01 10000 100 3626819 2007819991 572920 316553
0b004601 0b003401 10000 100 5808984 2004610308 3800208 499505
0b002601 0b004d01 10000 100 8394 2008289705 123047 13186
0b004b01 0b003901 10000 100 2932649 2006014042 2429832 258354
0b000901 0b002a01 10000 100 3986 2008412006 33637 8654
0b004001 0b000101 10000 100 690365 2008214950 250053 70362
0b003101 0b003f01 10001 100 630 2008474011 4163 4214
0b003501 0b003901 10000 100 390 2008483507 4187 4195
0b003d01 0b003701 10000 100 34381 2008428454 61785 7044
0b003d01 0b000e01 10000 100 5393 2008407141 86992 8774
0b002a01 0b003201 10000 100 170282 2008401614 101043 22599
0b001e01 0b001501 10001 100 6318766 2007797758 704907 533926
0b000d01 0b002601 10000 100 1155 2008469895 35846 8420
0b000101 0b003801 10000 100 30250 2008384834 131330 10859
0b003301 0b001201 10000 100 95223 2008424364 103607 16306
0b000d01 0b001b01 10000 100 1174019 2008043885 486058 106753
0b000701 0b003601 10000 100 1937619 2008017419 518290 170771
0b001601 0b000c01 10000 100 1442806 2007760058 783985 129285
0b002901 0b001501 10000 100 23909 2008437826 111621 10324
0b001401 0b003701 10000 100 70338 2008428317 124093 14219
0b001501 0b003a01 10000 100 9394380 2006521901 2039142 795947
0b001901 0b004a01 10000 100 69528 2008457427 112645 18311
0b003701 0b003201 10000 100 3937 2008562018 16427 4490
0b003e01 0b004601 10000 100 8627229 2006724265 1865391 735789
0b003d01 0b001401 10000 100 7840 2008545299 52085 8977
0b001601 0b002c01 10000 100 9988062 2006610734 1988482 845722
0b004101 0b004f01 10000 100 9114496 2007028441 1578993 768321
0b004401 0b004e01 10000 100 2357508 2008324647 287579 201815
0b001f01 0b001d01 10000 100 51308 2008569828 46348 8464
0b001c01 0b001701 10000 100 63276 2008570419 49735 9467
0b002701 0b001b01 10000 100 44123 2008552333 86796 12022
0b004d01 0b003701 10000 100 59742 2008533825 111409 17489
0b001201 0b004401 10000 100 4245973 2007406425 1240372 368462
0b000e01 0b002701 10000 100 10686 2008570005 85231 9217
0b003701 0b003501 10000 100 9037116 2007767312 900378 761835
0b002501 0b000501 10000 100 4831 2008640677 32243 8725
0b002601 0b004701 10000 100 23521 2008611632 64855 14453
0b002d01 0b000401 10000 100 152013 2008568197 110499 21068
0b001b01 0b004001 10000 100 304069 2008491649 204214 37976
0b001001 0b003d01 10000 100 51874 2008625857 73416 12669
0b002a01 0b002101 10000 100 26698137 2005083241 3618765 2242535
0b004e01 0b001401 10000 100 594952 2008261645 456262 62360
0b001b01 0b002401 10000 100 69775 2008637798 85936 14170
0b003a01 0b004301 10000 100 57337 2008648497 100760 17289
0b004d01 0b004901 10000 100 16777144 2006285961 2475157 1410759
0b001e01 0b001601 10000 100 48833 2008778504 45503 8254
0b000401 0b000f01 10000 100 907023 2008697893 143959 80208
0b003d01 0b003001 10000 100 26496 2008765090 79336 6383
0b001f01 0b004401 10000 100 48087 2008762021 84334 16515
0b002601 0b003401 10000 100 1266264 2008579977 290729 114486
0b001801 0b004101 10000 100 5474 2008799352 95744 12940
0b002901 0b000901 10001 100 685370 2008448297 450629 65783
0b000c01 0b001f01 10000 100 425319 2008691357 221845 43981
0b003101 0b002d01 10000 100 74888 2008761567 154360 14599
0b004101 0b004201 10001 100 4890464 2007921652 1020964 414178
0b004e01 0b001f01 10000 100 7246 2008898444 46232 13090
0b002901 0b004301 10000 100 54561 2008866181 80808 17056
0b004401 0b004701 10000 100 1719033 2008740003 218295 148287
0b004201 0b003a01 10000 100 14208 2008917852 61389 13674
0b000a01 0b002901 10000 100 8179471 2007397391 1602489 694088
0b000101 0b002901 10000 100 382010 2008852772 168746 40351
0b002601 0b003601 10000 100 28331 2008978659 55942 10697
0b002501 0b002c01 10001 100 861065 2008898371 139424 76355
0b001001 0b003201 10000 100 38753 2008978343 61576 11570
0b002f01 0b002b01 10000 100 93805 2008987810 56836 12025
0b004b01 0b004d01 10001 100 69795 2008991513 54350 10012
0b003501 0b004101 10000 100 71818 2008943343 114381 18501
0b001901 0b000e01 10000 100 11587 2009001898 66453 9293
0b003e01 0b003801 10000 100 736253 2008984433 129679 65890
0b002701 0b004201 10000 100 23085359 2003911717 5209185 1947958
0b000e01 0b003501 10000 100 58290 2009003804 119007 13209
0b004b01 0b002901 10000 100 14418 2009052212 86195 13691
0b003701 0b000701 10000 100 76084 2008959894 202756 14702
0b002a01 0b002101 10001 100 1645417 2008953271 213221 142114
0b001a01 0b000e01 10000 100 1996721 2008122868 1046627 175726
0b000d01 0b004f01 10000 100 8541681 2007039908 2155223 728615
0b002001 0b002201 10000 100 62474 2009155944 49561 9399
0b000b01 0b003e01 10000 100 1446231 2008674207 532941 129574
0b003f01 0b000f01 10000 100 572 2009187369 29606 8369
0b000901 0b003201 10000 100 85840 2009100164 124485 15517
0b000401 0b002901 10000 100 87529 2009058776 172946 15660
0b002d01 0b001501 10000 100 314069 2009048395 183963 34655
0b004101 0b004601 10000 100 16462 2009205962 31438 5542
0b004801 0b000d01 10000 100 23028 2009099894 141198 14414
0b002401 0b002d01 10000 100 27830652 2006556627 2685539 2337483
0b003301 0b004f01 10000 100 3865940 2008328183 924777 336600
0b002001 0b002601 10000 100 28128 2009216685 37930 6521
0b002601 0b000901 10001 100 3603 2009202606 52608 8623
0b001701 0b001601 10000 100 27995 2009223051 37562 6507
0b000101 0b001601 10000 100 1006 2009252433 16790 8408
0b001901 0b000701 10000 100 74860 2009194949 75546 14596
0b003d01 0b004501 10000 100 70939 2009182664 130553 18427
0b001601 0b003701 10000 100 59233 2009232053 83490 13289
0b000e01 0b002001 10001 100 20701 2009257889 60912 10056
0b002b01 0b002c01 10000 100 29751 2009300543 38443 6655
0b000501 0b003901 10001 100 16926 2009286867 57880 9739
0b000101 0b000901 10000 100 3096415 2009018123 352284 263765
0b000b01 0b002501 10000 100 12828 2009334396 70459 9396
0b000401 0b003b01 10000 100 178560 2009269835 142353 23292
0b003401 0b004b01 10000 100 2992577 2008174003 1239615 263379
0b004a01 0b000e01 10000 100 376753 2009058857 369308 44067
0b003001 0b001301 10001 100 11459763 2006166203 3271967 969107
0b001301 0b002001 10000 100 3121 2009416856 28532 8585
0b000e01 0b001301 10000 100 9762 2009372010 79617 9139
0b003f01 0b002601 10000 100 1030718 2008895525 559731 94736
0b004201 0b000901 10000 100 49541 2009386022 78450 16635
0b004201 0b004901 10000 100 1965 2009457144 8435 4324
0b001a01 0b002201 10000 100 23329 2009393493 89091 10278
0b004b01 0b000701 10000 100 394483 2009130169 353200 45555
0b002f01 0b004401 10000 100 4504 2009452503 72935 12859
0b004901 0b001201 10000 100 502223 2009028375 517230 54589
0b002f01 0b003901 10000 100 3642 2009561843 29099 8626
0b003e01 0b002201 10000 100 42576 2009534744 62595 11891
0b004301 0b003301 10000 100 7337532 2004932967 4678715 627660
0b000b01 0b004301 10000 100 87793 2009472321 158417 19841
0b004601 0b004d01 10001 100 106450 2009601556 60247 13086
0b002e01 0b000701 10000 100 2979415 2009175132 497975 258116
0b000801 0b001801 10000 100 2204 2009660778 35985 8507
0b003a01 0b003b01 10000 100 2364242 2009353792 343087 202380
0b001101 0b004b01 10000 100 11850 2009626621 76140 13474
0b002001 0b002a01 10001 100 15300 2009674599 30608 5445
0b000c01 0b001c01 10000 100 76266 2009604213 126642 14716
0b003101 0b004b01 10000 100 71329 2009652753 92822 18462
0b002d01 0b000401 10001 100 106521 2009683567 91149 17252
0b000101 0b001301 10000 100 46027 2009696911 80571 12182
0b002d01 0b003001 10000 100 7691875 2008194045 1600897 653207
0b004601 0b003901 10000 100 5195533 2006780361 3027239 448075
0b004b01 0b000e01 10000 100 182922 2009675786 134179 27816
0b001901 0b002a01 10000 100 73026 2009724385 88974 14446
0b001401 0b004501 10000 100 6628 2009746668 88909 13037
0b002601 0b001001 10000 100 22074 2009792927 53214 10174
0b004d01 0b004f01 10000 100 62202 2009805829 53042 9378
0b004b01 0b000801 10000 100 5689 2009820701 42313 12958
0b000301 0b001601 10000 100 530 2009846796 33769 8366
0b003401 0b002e01 10000 100 1043418 2009702521 191116 95802
0b002c01 0b001801 10000 100 1080739 2009693061 224621 98930
0b002d01 0b001a01 10000 100 41366 2009861711 61898 11790
0b004701 0b001f01 10000 100 891970 2009377999 562728 87262
0b001401 0b000201 10001 100 757985 2009667800 274949 71869
0b000a01 0b004701 10000 100 13089 2009880732 92903 13580
0b002701 0b003801 10000 100 157001 2009853462 120335 21486
0b000201 0b003e01 10000 100 29366 2009864546 110226 10784
0b000801 0b000901 10000 100 30465 2009969125 40590 6716
0b001f01 0b001401 10001 100 71563 2009972140 51813 10161
0b000f01 0b003001 10000 100 5478321 2008742111 1283124 467625
0b003601 0b004a01 10000 100 42806 2009905827 137948 16069
0b001b01 0b000301 10000 100 23634 2009915619 132221 10302
0b002901 0b002801 10000 100 935291 2009887164 186988 82577
0b001a01 0b001301 10000 100 480253 2009984477 104721 44427
0b004a01 0b002e01 10000 100 1475725 2008909432 1188880 136205
0b001c01 0b000a01 10000 100 35483 2009962137 147248 11296
0b004501 0b002d01 10000 100 24558 2010050827 65138 14540
0b001901 0b002d01 10001 100 852986 2009682440 436517 79834
0b000501 0b002801 10000 100 1465188 2009740869 384131 131164
0b001e01 0b002c01 10000 100 3611 2010079130 48774 8624
0b001f01 0b000201 10000 100 42344 2010058769 74359 11872
0b001001 0b003601 10001 100 13466 2010113735 42528 9451
0b003301 0b001901 10000 100 5040567 2008236531 1928318 430922
0b001501 0b000101 10000 100 26098315 2004073320 6100350 2196405
0b002001 0b002301 10000 100 25226 2010153583 36500 6277
0b001c01 0b002101 10001 100 7106 2010179609 38110 8919
0b001b01 0b003b01 10000 100 3483177 2009514461 707116 300352
0b004c01 0b004b01 10000 100 70319 2010185450 51667 10058
0b000201 0b003101 10000 100 46691 2010097567 146691 12235
0b001001 0b002f01 10000 100 8029213 2008538667 1730605 681492
0b002601 0b001f01 10001 100 9835 2010239782 41030 9145
0b003501 0b000c01 10000 100 14070 2010217619 86940 9503
0b004b01 0b002c01 10000 100 1993 2010262978 46248 12647
0b000501 0b003401 10000 100 3781 2010281926 48505 8637
0b002101 0b001b01 10001 100 67831 2010296738 70992 14007
0b001001 0b000301 10001 100 1345405 2009889992 547060 121121
0b002701 0b000201 10000 100 807 2010442772 8431 8388
0b000301 0b000501 10000 100 7942431 2009154938 1302061 670055
0b002801 0b004c01 10000 100 1680 2010412661 45351 12622
0b002301 0b002801 10000 100 1442425 2010284153 195382 125095
0b004f01 0b003201 10001 100 37130 2010367455 138444 15596
0b001301 0b001701 10000 100 32366 2010458878 49960 6876
0b003801 0b001d01 10000 100 9050 2010471445 44419 9082
0b000301 0b003501 10000 100 27966 2010459755 70716 10664
0b001301 0b004401 10000 100 1518 2010444156 90089 12609
0b002301 0b000501 10000 100 39810 2010431937 111071 11658
0b004b01 0b000201 10000 100 4252880 2008531626 2016608 369041
0b004d01 0b000e01 10000 100 4432868 2009352933 1211657 384132
0b004a01 0b002001 10000 100 1412 2010508922 58363 12600
0b004801 0b000801 10000 100 1385119 2009842250 748124 128611
0b000301 0b003c01 10000 100 36127 2010533328 62993 11352
0b000801 0b003901 10000 100 2268718 2009651073 959696 198530
0b004101 0b002301 10001 100 3330980 2009112351 1501854 291749
0b003201 0b000601 10000 100 27037 2010537343 87652 10590
0b002701 0b000201 10001 100 57520 2010564297 72675 13144
0b004f01 0b002101 10000 100 29332 2010489714 155517 14941
0b002b01 0b001d01 10000 100 4325014 2010171553 494769 370932
0b000901 0b003d01 10000 100 30849 2010576334 126526 10906
0b001101 0b003701 10000 100 2313186 2010223959 518831 202260
0b002201 0b001501 10000 100 2808536 2009685494 1069844 243789
0b001901 0b000301 10001 100 66290 2010595572 161366 13880
0b004001 0b003001 10000 100 21823 2010639180 126827 14310
0b004c01 0b001801 10000 100 513660 2010538056 239917 55546
0b003401 0b003001 10000 100 3187918 2010259528 531452 271435
0b002e01 0b004901 10000 100 46200 2010734457 76902 16356
0b004f01 0b000e01 10000 100 3378486 2009718684 1099076 295734
0b000e01 0b001601 10000 100 1155061 2010204991 621488 105163
0b001e01 0b002301 10000 100 7637 2010809656 37918 8961
0b001601 0b004a01 10001 100 40150 2010753482 99873 15849
0b004801 0b004b01 10000 100 4671410 2010337487 525476 395813
0b004401 0b001c01 10000 100 112641 2010601971 275764 21925
0b003501 0b004c01 10000 100 22100 2010822150 74607 14336
0b000801 0b000001 10000 100 66536 2010847206 57555 9740
0b001701 0b002201 10000 100 514270 2010670497 252723 51439
0b004101 0b001f01 10001 100 678261 2010744283 190427 69348
0b002901 0b000d01 10000 100 20060 2010812453 126905 10005
0b004d01 0b002c01 10000 100 3719029 2009868911 1080655 324287
0b000b01 0b000301 10000 100 8452078 2009369409 1587468 712785
0b001301 0b002401 10000 100 39545 2010900582 61479 11637
0b001201 0b004401 10001 100 54081 2010875046 91304 17017
0b001201 0b000f01 10000 100 2289226 2010537197 445897 200251
0b002701 0b001d01 10000 100 808773 2010798011 252186 76128
0b000601 0b001f01 10000 100 556562 2010640798 428517 54983
0b000f01 0b000201 10000 100 144930 2011016982 66063 16311
0b001201 0b002a01 10000 100 73045 2011033792 72885 14447
0b002401 0b003a01 10000 100 4038935 2010477912 637877 346944
0b003c01 0b003301 10001 100 22268 2011087550 35191 6029
0b001d01 0b000501 10000 100 5231257 2009552799 1574737 446911
0b002001 0b002501 10000 100 796 2011133506 4170 4227
0b001e01 0b001601 10001 100 2288786 2010871018 269339 196052
0b003501 0b002201 10000 100 56932 2011091736 67781 13093
0b004a01 0b001d01 10000 100 23584 2011106176 64925 14458
0b003401 0b000c01 10001 100 931943 2010753545 429139 86454
0b004901 0b004701 10000 100 5435 2011162647 20347 4617
0b000b01 0b003001 10000 100 29178392 2003849747 7382428 2454638
0b003101 0b001201 10001 100 1695403 2010719158 518329 150464
0b004001 0b000b01 10000 100 25922 2011138932 104957 14653
0b003201 0b002301 10000 100 9233 2011204202 41081 9097
0b001301 0b000d01 10000 100 5843 2011221986 34461 8810
0b000001 0b002201 10001 100 1622372 2010367054 898011 144342
0b003401 0b003301 10000 100 2270522 2010563964 708882 194522
0b000b01 0b003c01 10000 100 1262033 2010954481 336424 114132
0b004401 0b004a01 10000 100 43808 2011258257 43863 7833
0b002e01 0b002401 10000 100 857589 2011179112 141014 76061
0b004101 0b004001 10000 100 4700449 2010835345 499911 398247
0b001201 0b000801 10000 100 69696 2011287321 72631 14164
0b000c01 0b000001 10000 100 24840852 2009004454 2368921 2086817
0b003101 0b004801 10000 100 1727933 2010733373 663609 157350
0b004f01 0b001001 10000 100 74062 2011227519 209640 18692
0b003101 0b001201 10000 100 23824887 2005320259 6127621 2005798
0b004b01 0b002201 10000 100 1249224 2011174796 276434 117217
0b000001 0b002001 10000 100 7543 2011415953 37961 8954
0b002801 0b001a01 10000 100 1489057 2010982944 493875 133166
0b001e01 0b002101 10000 100 199482 2011255558 221854 25046
0b001a01 0b001001 10000 100 984222 2011309459 169505 86680
0b004e01 0b003d01 10000 100 32710 2011323503 162552 15223
0b004d01 0b002201 10000 100 18530998 2006640973 4847996 1566118
0b004101 0b002301 10002 100 26938 2011417842 77835 14738
0b003401 0b000c01 10000 100 3262240 2010399472 1143787 281829
0b000801 0b003501 10001 100 49584 2011488867 78210 12478
0b001901 0b000301 10000 100 21732948 2007682736 3887842 1830410
0b004b01 0b003701 10000 100 19790 2011528316 61513 14140
0b004601 0b000901 10000 100 388 2011560767 47749 12514
0b000701 0b001301 10000 100 44097 2011484611 133311 12020
0b003301 0b004701 10001 100 23163 2011509334 122163 14425
0b001201 0b002201 10000 100 7572 2011539344 98115 8956
0b004601 0b001801 10000 100 1324770 2011114205 528183 123549
0b001401 0b004801 10000 100 2618 2011567161 80322 12700
0b004d01 0b002701 10000 100 69216 2011373974 275425 18286
0b000001 0b002101 10000 100 12501 2011585100 74122 9370
0b000001 0b000301 10000 100 24006 2011626815 36044 6176
0b004b01 0b002701 10000 100 20993 2011630674 63307 14240
0b001601 0b001901 10000 100 202314 2011630398 74584 21124
0b003101 0b003e01 10000 100 18091 2011706680 32571 5680
0b000501 0b001b01 10000 100 251534 2011608298 136696 29410
0b001301 0b002601 10000 100 9057 2011687441 74616 9082
0b004601 0b001001 10000 100 11432 2011702697 67440 13440
0b004101 0b003a01 10000 100 3741 2011747494 38245 12794
0b000c01 0b003401 10000 100 10790 2011742459 44933 9225
0b000e01 0b002a01 10001 100 750597 2011500224 289007 71251
0b000b01 0b000801 10000 100 23701 2011771769 37386 6148
0b002f01 0b004a01 10000 100 192697 2011710166 113396 28636
0b002501 0b000d01 10000 100 2746 2011780519 43891 8551
0b001301 0b003a01 10000 100 3659368 2011370165 456642 315123
0b000e01 0b003b01 10000 100 50904 2011698192 145471 12588
0b004701 0b003201 10000 100 4462859 2008795262 3056194 386646
0b000901 0b002701 10000 100 4623 2011822109 32415 8709
0b003201 0b000f01 10000 100 20738 2011781923 75137 10059
0b002601 0b003a01 10000 100 408925 2011730004 165468 42604
0b000e01 0b004c01 10000 100 29003927 2004567349 7348713 2444169
0b002c01 0b002601 10001 100 66219 2011887823 50505 9714
0b002901 0b000d01 10001 100 355654 2011751276 196781 38139
0b000a01 0b000401 10000 100 7691518 2011220350 760990 649018
0b003a01 0b003b01 10001 100 2466 2011977086 12584 4368
0b000501 0b004701 10000 100 4110929 2010940999 1059622 357140
0b001301 0b002901 10000 100 511337 2011802287 223357 51193
0b002c01 0b002001 10000 100 43698 2012004203 43847 7824
0b001e01 0b004a01 10000 100 35925 2011895706 176738 15492
0b001801 0b004201 10000 100 6241 2011941032 143624 13006
0b002d01 0b002001 10000 100 39503 2012073249 42413 7473
0b000301 0b000c01 10000 100 507183 2012014042 112601 46685
0b002901 0b003901 10002 100 73704 2011932310 197289 14500
0b001f01 0b001901 10000 100 1971496 2011737881 396867 169452
0b001201 0b001f01 10000 100 7252 2012151420 23293 4770
0b001a01 0b000901 10000 100 40879 2012116044 62065 11747
0b000f01 0b000c01 10000 100 641749 2012060909 123555 57965
0b004a01 0b000e01 10001 100 41119 2012025405 165474 15930
0b001201 0b004601 10000 100 2460647 2011024445 1187269 218782
0b004a01 0b003a01 10000 100 3352 2012185645 44685 12763
0b001e01 0b002d01 10000 100 67762 2012191175 74618 14002
0b001401 0b004901 10000 100 11305 2012185511 80594 13430
0b002601 0b004101 10001 100 5763 2012150886 140062 12964
0b002101 0b001c01 10001 100 22394 2012129659 183306 10199
0b004501 0b001b01 10000 100 523466 2011902140 445292 56369
0b000801 0b002601 10000 100 30208 2012230773 121610 10855
0b002e01 0b004a01 10000 100 1416852 2011969222 387559 131269
0b000401 0b002401 10000 100 5788 2012327790 35795 8806
0b004d01 0b001c01 10000 100 4212273 2009369271 2995225 365639
0b003901 0b000401 10000 100 29708 2012266985 105341 10811
0b000901 0b000601 10000 100 24598 2012353688 36083 6223
0b000101 0b001101 10000 100 1645453 2011505391 887146 146276
0b003301 0b001501 10000 100 3877958 2011088689 1385525 333448
0b004f01 0b004201 10000 100 4913375 2011520614 953736 416099
0b003401 0b001c01 10000 100 7928668 2010710684 1770835 673060
0b001a01 0b003f01 10001 100 552428 2012169039 322062 54637
0b003f01 0b002801 10000 100 188480 2012203786 292455 24124
0b002301 0b001d01 10000 100 25245 2012372575 138204 10439
0b002001 0b003101 10000 100 278230 2012390337 126792 31649
0b003101 0b003401 10000 100 11242 2012492727 27696 5105
0b004401 0b004601 10000 100 56699 2012479715 47889 8914
0b003c01 0b001e01 10000 100 7084 2012452692 100227 8917
0b003801 0b000701 10000 100 119154 2012407924 148898 18313
0b000501 0b002b01 10000 100 2452568 2012152549 418730 213944
0b004801 0b004901 10000 100 9231 2012576949 25522 4936
0b004b01 0b004901 10000 100 23063 2012569402 35560 6097
0b003601 0b003701 10000 100 1594797 2012382736 239655 137868
0b004301 0b001201 10000 100 48251 2012475930 172345 16528
0b003e01 0b000b01 10000 100 74079 2012523354 132213 14534
0b000f01 0b004f01 10000 100 24646 2012527620 137866 14547
0b002301 0b002c01 10000 100 7259 2012643589 23247 4771
0b000001 0b002401 10000 100 74630 2012591496 84088 14578
0b001501 0b004b01 10000 100 366857 2012384968 311748 43237
0b000c01 0b001901 10000 100 13677 2012618157 91392 9467
0b002e01 0b003f01 10000 100 7451 2012684550 38282 8946
0b002401 0b004a01 10000 100 2785443 2011675376 1050459 246013
0b000401 0b001101 10000 100 148202 2012542872 183791 20748
0b000801 0b004201 10000 100 1361892 2011774920 953419 126661
0b001a01 0b000601 10000 100 195408 2012629412 101091 24705
0b002501 0b004a01 10000 100 1585436 2012131351 604180 145405
0b000f01 0b001001 10000 100 41975 2012592243 145099 11839
0b000e01 0b001001 10000 100 6100802 2009988187 2755290 519812
0b004c01 0b002f01 10001 100 1999751 2012254357 506871 180140
0b001d01 0b003b01 10000 100 7495 2012671069 93507 8950
0b004c01 0b004f01 10001 100 6493825 2011947069 855880 548602
0b002401 0b002801 10000 100 77520 2012751252 61125 10661
0b004a01 0b002d01 10000 100 32858 2012609462 204552 15235
0b004101 0b004001 10001 100 8277 2012825197 24641 4856
0b000f01 0b004601 10000 100 1605839 2012459998 403700 147114
0b000201 0b004901 10000 100 1562195 2011956305 908298 143457
0b000101 0b000601 10000 100 25427 2012831063 36567 6294
0b002a01 0b003101 10001 100 60393 2012780473 90220 13385
0b004501 0b004901 10000 100 845137 2012687536 202698 75019
0b001f01 0b004201 10000 100 1129021 2012244389 646375 107140
0b001301 0b000d01 10001 100 31012 2012740443 205263 10923
0b003b01 0b000601 10000 100 47617 2012860020 91053 12313
0b002a01 0b004d01 10000 100 2628233 2011913214 1041617 232834
0b001901 0b003601 10000 100 4384444 2011593914 1363362 375913
0b003d01 0b000b01 10001 100 22286 2012910395 53266 10191
0b001301 0b004d01 10000 100 21320 2012826285 158566 14270
0b004d01 0b004b01 10000 100 2662 2012976478 12851 4384
0b001101 0b000001 10000 100 76634 2012869477 124512 14746
0b003201 0b002801 10000 100 3807869 2011007950 1989712 327572
0b002701 0b003301 10000 100 194126 2012804222 194438 24598
0b003f01 0b004301 10000 100 6307 2012942167 57614 13011
0b001a01 0b004501 10001 100 1058661 2012437176 564328 101239
0b003501 0b000601 10001 100 26652 2012948269 55319 10555
0b000701 0b004e01 10000 100 21766365 2009959311 3051117 1837374
0b000d01 0b004501 10000 100 2445 2012948440 74332 12687
0b003e01 0b000201 10000 100 3338680 2012407281 624203 288236
0b002001 0b004e01 10000 100 55328 2012838933 195446 17121
0b003401 0b001301 10000 100 1155107 2012426469 627003 105167
0b003901 0b001701 10000 100 5083116 2011641489 1412816 434491
0b002e01 0b002801 10000 100 56226 2013019572 47876 8876
0b004b01 0b004801 10000 100 3454074 2012684757 385710 293753
0b000d01 0b002f01 10000 100 59400 2013013201 71129 13302
0b003c01 0b001b01 10000 100 26081 2013021149 82136 10510
0b001001 0b004b01 10000 100 1506703 2012255327 854390 138803
0b001901 0b001b01 10000 100 81990 2013044280 72329 11034
0b002401 0b000f01 10000 100 1842157 2012354277 788516 162769
0b000d01 0b003601 10000 100 2770831 2011847770 1321628 240627
0b003401 0b004a01 10000 100 4003541 2012451172 727247 348138
0b001801 0b001c01 10001 100 7680840 2012077797 1106511 648122
0b004001 0b001e01 10000 100 22354 2013102030 91885 14356
0b004b01 0b003601 10000 100 6610 2013157405 47354 13035
0b001801 0b004d01 10000 100 37458 2013087330 121459 15622
0b004901 0b001c01 10000 100 720853 2012674228 538148 72916
0b001101 0b003801 10000 100 168925 2013020394 193415 22482
0b003501 0b002101 10000 100 2402958 2011696741 1528161 209784
0b002901 0b003801 10000 100 1846330 2012819900 422599 163118
0b004b01 0b002801 10000 100 9398 2013123393 131783 13270
0b001d01 0b001801 10000 100 4031806 2012814259 447594 342187
0b000d01 0b000901 10000 100 5150015 2012645855 627284 435941
0b002001 0b002801 10000 100 183891 2013202317 71939 19577
0b004101 0b000a01 10000 100 11245 2013151780 136348 13425
0b003501 0b001801 10000 100 24616 2013144939 158796 10385
0b003401 0b001301 10001 100 717970 2013023394 290176 68514
0b003e01 0b002101 10000 100 75093 2013226226 115860 14619
0b002b01 0b001901 10000 100 8025 2013219378 124740 8996
0b000e01 0b002a01 10000 100 9887943 2011195160 2177713 837325
0b000801 0b001501 10001 100 2361808 2012591309 784723 206334
0b003f01 0b003501 10000 100 3953492 2012934331 445459 335622
0b002301 0b001a01 10000 100 5072164 2011616157 1778311 433573
0b004c01 0b003d01 10000 100 50617 2013325796 78546 16725
0b001b01 0b004e01 10000 100 3807 2013347777 70614 12799
0b002c01 0b002e01 10001 100 14472 2013391352 30507 5375
0b001401 0b001601 10000 100 938374 2013214060 212109 82835
0b001901 0b004501 10000 100 50648 2013254234 175170 16727
0b004701 0b001d01 10000 100 6006362 2011756053 1691271 516055
0b002801 0b001501 10000 100 7932 2013363492 87236 8985
0b003d01 0b001501 10000 100 3665518 2012595426 872963 315638
0b004f01 0b002301 10000 100 72454 2013346716 125522 18556
0b002c01 0b003701 10000 100 31852 2013414735 58016 10991
0b002c01 0b001b01 10000 100 715314 2013054219 471798 68294
0b003a01 0b001c01 10000 100 2187553 2012537969 1001315 191726
0b003701 0b002f01 10000 100 64832 2013475359 73925 13756
0b000301 0b002301 10000 100 70182 2013485771 72976 14207
0b003301 0b001e01 10000 100 26733 2013466390 106341 10562
0b003a01 0b000001 10000 100 454129 2013131249 448779 46397
0b000801 0b003801 10000 100 2993761 2011923464 1663470 259317
0b002601 0b001101 10000 100 1868660 2012630920 999473 164989
0b000401 0b000a01 10000 100 252500 2013558973 81179 25331
0b000e01 0b002001 10002 100 1663 2013627968 20088 8460
0b002e01 0b003301 10000 100 5628 2013632240 34505 8793
0b001701 0b004701 10000 100 8828822 2010474438 3192639 752689
0b003001 0b001f01 10001 100 5589 2013625380 46061 8790
0b003f01 0b001001 10000 100 88706 2013587472 84555 15758
0b002401 0b001901 10001 100 1757341 2012937008 740621 155658
0b003401 0b003601 10000 100 60804 2013636667 49204 9258
0b004c01 0b002d01 10000 100 979 2013672810 27971 12562
0b002301 0b000101 10000 100 36539 2013541372 165468 11385
0b003201 0b004b01 10001 100 24683 2013651478 87163 14550
0b001101 0b004201 10000 100 68191 2013599729 141590 18200
0b003701 0b000301 10000 100 11541 2013724723 43867 9289
0b000901 0b002801 10000 100 119287 2013630818 138448 18323
0b002b01 0b000101 10000 100 8807933 2011143682 2640087 746777
0b001a01 0b004c01 10000 100 31326 2013646388 142604 15108
0b001501 0b004401 10000 100 15413 2013711736 102432 13774
0b000a01 0b000b01 10000 100 4143256 2013038373 775954 351533
0b003b01 0b004701 10000 100 4906950 2012122191 1693771 423878
0b000a01 0b000601 10000 100 3647500 2013138931 684933 309968
0b004401 0b002301 10000 100 1991724 2013356309 494203 179467
0b004301 0b000b01 10000 100 7914709 2009507907 4345141 676050
0b003901 0b000101 10000 100 8786 2013791682 65548 9057
0b000701 0b000a01 10000 100 77790 2013807340 53433 10682
0b003701 0b000f01 10000 100 41087 2013801931 64012 11768
0b002c01 0b004101 10000 100 344622 2013696007 181082 41374
0b002401 0b000001 10000 100 1872719 2013496491 400419 165329
0b000401 0b002d01 10000 100 41805 2013864793 62524 11825
0b002801 0b000b01 10001 100 1129 2013890987 43711 8418
0b001101 0b003101 10001 100 25210 2013837547 103728 10436
0b002001 0b002901 10000 100 9914 2013916556 25591 4991
0b001601 0b003201 10000 100 5014130 2012133838 1815462 428708
0b002a01 0b004201 10000 100 8381244 2011279921 2674040 715166
0b004f01 0b000901 10000 100 22654 2013833871 122325 14380
0b001c01 0b003701 10000 100 15076832 2009564912 4394813 1272362
0b001401 0b001301 10000 100 4935 2013963332 18739 4574
0b003001 0b003901 10000 100 4421 2013978856 18118 4532
0b000c01 0b000701 10000 100 35370 2013967529 40990 7127
0b004701 0b003c01 10000 100 42105 2013886446 143428 16013
0b001501 0b002401 10000 100 12683 2013990762 44705 9384
0b003701 0b003a01 10000 100 5156054 2013483971 554165 436447
0b003401 0b001e01 10000 100 66065 2013930809 130254 13862
0b000201 0b003201 10000 100 763050 2013445512 622153 72297
0b004b01 0b000801 10001 100 59825 2013951241 119124 17496
0b003201 0b000501 10000 100 662 2014062575 17778 8376
0b000601 0b004701 10000 100 36484 2013928282 155908 15540
0b000001 0b004601 10000 100 4249525 2012680352 1411436 368762
0b003401 0b001401 10000 100 2201031 2013747721 355156 192858
0b002f01 0b003201 10000 100 37287 2014017089 89516 11448
0b004501 0b000801 10000 100 17142544 2011495420 2614593 1449712
0b004401 0b000201 10001 100 26268 2013948323 162384 14685
0b000e01 0b001001 10001 100 6812030 2012112579 2004915 579444
0b000101 0b002901 10001 100 13140 2014034898 83295 9424
0b004e01 0b001901 10000 100 2644537 2013114993 1003432 234199
0b001701 0b004101 10000 100 55590 2014044666 81572 17142
0b004601 0b002301 10000 100 7650 2013986512 149950 13122
0b001301 0b004a01 10000 100 73815 2014072848 86543 18669
0b004301 0b003701 10000 100 41059 2014122309 74750 15926
0b003501 0b004301 10001 100 2844 2014187772 25476 12719
0b002801 0b000401 10000 100 1561744 2013831160 387235 139257
0b000a01 0b001d01 10001 100 1489314 2013793875 425760 133186
0b004f01 0b004b01 10000 100 20167 2014187294 35842 5854
0b001701 0b002f01 10000 100 47839 2014175054 64484 12331
0b002501 0b001801 10000 100 92414 2014100478 158065 16070
0b001401 0b003801 10000 100 150225 2014177923 91903 20917
0b004401 0b003e01 10000 100 58201 2014212978 87628 17362
0b001001 0b001401 10000 100 885017 2014154700 162153 78363
0b004101 0b002501 10000 100 7323526 2012706704 1626469 626486
0b004001 0b002801 10000 100 3045079 2011003232 3366390 267782
0b002601 0b001701 10000 100 31506 2014295614 74478 10963
0b003301 0b004301 10000 100 9487 2014322839 66201 13277
0b002a01 0b002901 10000 100 78868 2014337729 53718 10772
0b004e01 0b000001 10000 100 113541 2014262201 194163 22001
0b004a01 0b001b01 10000 100 12319 2014401243 55704 13515
0b001001 0b000001 10000 100 9775 2014347610 109352 9140
0b002201 0b000b01 10001 100 3251 2014412952 52277 8595
0b002501 0b003601 10001 100 40731 2014363691 101813 11735
0b002b01 0b001201 10000 100 16152 2014322052 144616 9677
0b003801 0b002d01 10000 100 4655742 2013525382 953991 398658
0b004f01 0b003601 10000 100 26035200 2002656127 11851852 2195274
0b000001 0b004601 10001 100 1902703 2013491429 1024348 172003
0b004501 0b003501 10000 100 3080556 2013601001 941354 270755
0b002501 0b003601 10000 100 57305 2014323752 218734 13127
0b003301 0b000f01 10000 100 20836 2014436320 109748 10067
0b002401 0b002601 10001 100 3331399 2014049346 500295 283466
0b001201 0b000201 10000 100 1789936 2014015275 546454 158388
0b003401 0b003f01 10000 100 117 2014574945 4110 4173
0b000d01 0b003201 10001 100 2225697 2013033833 1548679 194923
0b004701 0b003601 10000 100 21820 2014509592 88629 14310
0b001301 0b004d01 10001 100 27817 2014504599 105108 14812
0b004401 0b000801 10000 100 1396243 2014230383 406149 129543
0b002801 0b004501 10000 100 60604 2014502082 135593 17562
0b004501 0b002901 10000 100 914444 2013396606 1247352 89149
0b001801 0b000d01 10000 100 908815 2014343372 309444 84515
0b001c01 0b000b01 10002 100 7499 2014604429 54654 8950
0b001501 0b004001 10000 100 24547 2014585206 87817 14539
0b000101 0b002401 10001 100 112353 2014556261 128083 17742
0b004501 0b000001 10000 100 50713 2014572293 126822 16732
0b001601 0b002301 10000 100 1164195 2014479153 239291 105929
0b001901 0b001001 10000 100 2671196 2014398941 320241 228116
0b001701 0b004601 10000 100 3162 2014695477 43431 12748
0b002c01 0b003401 10001 100 50942 2014556704 203878 12591
0b003201 0b003901 10001 100 70964 2014696057 75356 10109
0b001801 0b001501 10000 100 26934 2014735904 38288 6418
0b001101 0b002f01 10000 100 11469 2014733687 43440 9283
0b002f01 0b000801 10000 100 32269 2014706739 83207 11028
0b001c01 0b002801 10000 100 1917 2014721256 73097 8481
0b004501 0b002a01 10000 100 282392 2014357656 446631 36158
0b003201 0b000e01 10000 100 36254 2014721080 96690 11362
0b002301 0b000201 10000 100 25247 2014757719 109588 10439
0b001001 0b004901 10001 100 38860 2014785648 81768 15738
0b004701 0b003601 10001 100 2286 2014856211 38794 12674
0b000901 0b001c01 10000 100 63873 2014820033 77486 13675
0b004701 0b004201 10000 100 61154 2014842252 62182 9290
0b002101 0b003a01 10000 100 2346140 2014427267 483343 205023
0b004701 0b002a01 10000 100 1886 2014806219 111896 12638
0b001b01 0b002d01 10000 100 69566 2014818836 117744 14154
0b000001 0b004201 10000 100 4324292 2013540067 1418410 375031
0b004e01 0b004201 10000 100 30503 2014936109 40304 6719
0b000701 0b000001 10000 100 29308 2014938599 39416 6619
0b000e01 0b004301 10000 100 16502 2014878249 106437 13865
0b002801 0b000801 10000 100 3924619 2014277062 710205 337361
0b000601 0b001101 10000 100 699845 2014632524 354902 66995
0b001001 0b004a01 10000 100 2190763 2014531461 471449 196154
0b002501 0b000001 10000 100 1981 2014983486 20886 8486
0b004401 0b001a01 10000 100 11810 2014945254 69280 13470
0b003001 0b001601 10000 100 47065 2014891664 141310 12269
0b001101 0b000801 10000 100 7832 2014990474 49869 8977
0b000001 0b002c01 10001 100 989540 2013960701 1086544 91284
0b002201 0b004401 10000 100 76949 2014936752 116579 18931
0b002501 0b004f01 10000 100 80955 2014775155 280873 19267
0b001301 0b004a01 10001 100 121056 2014914552 147439 22632
0b002501 0b002401 10000 100 3880943 2014578214 487116 329538
0b003301 0b003401 10000 100 427131 2014964769 104524 39974
0b001a01 0b002001 10000 100 22064 2015018894 52281 10173
0b001b01 0b004c01 10000 100 779285 2014774747 313967 77818
0b004f01 0b001e01 10000 100 43799 2014939345 155187 16152
0b000301 0b000601 10000 100 28879 2015057956 39017 6581
0b001e01 0b003901 10000 100 60138 2014950310 147462 13365
0b000e01 0b002001 10003 100 27937 2015043583 56812 10662
0b001b01 0b001f01 10000 100 1564744 2014813848 287758 135349
0b000001 0b003901 10000 100 15478 2015036121 90396 9619
0b000301 0b002e01 10000 100 1464876 2014734997 416058 131135
0b000d01 0b004a01 10000 100 3249 2015130361 51186 12755
0b003401 0b002801 10000 100 25390 2015155963 55479 10451
0b002201 0b003b01 10001 100 926589 2014819385 399231 86006
0b002901 0b002e01 10000 100 30243 2015203875 39017 6698
0b001601 0b002101 10000 100 1473357 2013606986 1638044 131848
0b004d01 0b001001 10001 100 27081 2015163434 91452 14754
0b001201 0b001901 10000 100 25333626 2011727680 3533163 2128132
0b003b01 0b002901 10000 100 982809 2015082900 224842 90719
0b000501 0b000f01 10000 100 20731 2015293518 36014 5899
0b002301 0b003101 10000 100 54728 2015230102 107311 12909
0b003001 0b004501 10000 100 22965 2015277516 65762 14405
0b000701 0b003d01 10000 100 1181 2015276690 71418 8422
0b003101 0b000e01 10000 100 610320 2015148915 199431 59491
0b004201 0b003b01 10000 100 9542533 2009228151 6128959 812527
0b000301 0b002d01 10000 100 5915 2015276474 97503 8816
0b002f01 0b003701 10000 100 2935 2015357036 25482 8566
0b002b01 0b003f01 10000 100 105438 2015239583 144060 17162
0b002601 0b001601 10000 100 1735210 2014863517 525195 153803
0b001f01 0b000a01 10000 100 1613411 2014919346 486309 143590
0b001c01 0b004d01 10000 100 5722743 2014290111 1123973 492275
0b000701 0b001801 10000 100 7124058 2014034729 1404428 605604
0b001901 0b000b01 10000 100 970549 2015005851 435508 89692
0b004501 0b004d01 10002 100 18926 2015416570 33360 5747
0b003f01 0b003901 10001 100 46642 2015423698 46599 8071
0b003401 0b002901 10000 100 42529 2015379795 96053 11887
0b000f01 0b002001 10000 100 1480151 2015119853 387960 132419
0b004701 0b001f01 10001 100 465613 2015145920 413025 51518
0b003801 0b000201 10000 100 7410578 2013711315 1851905 629624
0b002001 0b003a01 10000 100 26795 2015459612 114451 10567
0b004501 0b002401 10000 100 3835246 2015044440 554959 334029
0b004001 0b004d01 10000 100 65420 2015550304 50326 9647
0b003201 0b004301 10000 100 261547 2015508726 130021 34409
0b004a01 0b002b01 10001 100 1489 2015663889 30902 12606
0b000d01 0b004b01 10000 100 81621 2015544918 172156 19324
0b003401 0b004301 10000 100 3063616 2014744245 974412 269335
0b002301 0b002f01 10000 100 2850 2015707850 12668 4399
0b001e01 0b003601 10000 100 16877 2015643686 95336 9735
0b000c01 0b000101 10000 100 20396 2015726067 33907 5872
0b002b01 0b001301 10000 100 9907 2015707615 54384 9150
0b003401 0b003901 10000 100 7658799 2014638478 1133511 646274
0b001c01 0b003201 10000 100 57871 2015660628 128115 13172
0b001201 0b004f01 10000 100 35097 2015711864 85771 15426
0b000801 0b000e01 10000 100 2542 2015797189 12538 4374
0b003701 0b001c01 10000 100 4327 2015773868 39605 8685
0b003101 0b000d01 10000 100 4966 2015777351 64054 8736
0b003d01 0b003e01 10001 100 1524 2015861161 8332 4289
0b004701 0b003101 10000 100 177366 2015552271 333376 27352
0b003801 0b000c01 10000 100 49858 2015820913 67506 12500
0b002001 0b001c01 10000 100 1826497 2015580196 314156 161455
0b001201 0b004901 10000 100 9949 2015890284 55329 13314
0b004501 0b000701 10000 100 10673 2015838045 107704 13376
0b004b01 0b003101 10000 100 885903 2015367413 601561 86754
0b000301 0b000701 10001 100 349032 2015883673 95836 33426
0b004901 0b001e01 10000 100 1981818 2015634781 395714 178636
0b000a01 0b001d01 10002 100 46550 2015968721 82160 12224
0b003d01 0b003e01 10000 100 1436207 2015856503 194438 124574
0b001301 0b001c01 10000 100 5992 2016040063 20277 4662
0b003701 0b003f01 10000 100 107221 2016007924 66633 13152
0b002d01 0b000301 10000 100 4499477 2014490460 1596120 385558
0b004a01 0b002a01 10000 100 20792 2015994703 102025 14224
0b003701 0b000f01 10001 100 1055 2016077215 21970 8412
0b001b01 0b003f01 10000 100 1701583 2015674224 474711 150982
0b001a01 0b000301 10001 100 3348 2016089956 69464 8603
0b003501 0b003a01 10000 100 487229 2016070449 105583 45012
0b003f01 0b000601 10000 100 6817387 2014313528 1884545 579892
0b003d01 0b000d01 10000 100 84160 2016171643 79709 15379
0b000901 0b001a01 10000 100 64347 2016190233 79547 13717
0b004101 0b003501 10001 100 49308 2016072870 198912 16616
0b004c01 0b002401 10000 100 8222 2016110657 168048 13172
0b003d01 0b001101 10000 100 1611 2016269784 19008 8456
0b003401 0b002e01 10001 100 1023882 2014859996 1434264 94162
0b002901 0b000201 10000 100 77779 2016229994 84394 14841
0b003d01 0b002501 10000 100 8581 2016224531 93480 9041
0b003a01 0b002801 10001 100 23384 2016150532 184841 10282
0b003f01 0b003301 10000 100 20755 2016310316 33932 5901
0b004b01 0b004101 10000 100 8128969 2015222732 1134562 685692
0b002901 0b001501 10001 100 1882883 2015961714 396915 166181
0b004e01 0b002b01 10000 100 1683989 2015776332 585632 153665
0b001501 0b002e01 10000 100 8616112 2010884938 5480927 730698
0b000b01 0b002d01 10000 100 2521018 2013799849 2584383 219685
0b003f01 0b003301 10001 100 19451 2016357403 33457 5792
0b000701 0b000301 10000 100 26033 2016369375 37907 6346
0b002f01 0b002b01 10001 100 9223043 2015259255 1166113 777423
0b002301 0b000b01 10000 100 28394 2016286748 139206 10702
0b003201 0b003101 10001 100 147609 2016360274 75549 16537
0b000601 0b004e01 10000 100 1057317 2016060722 382620 101128
0b004301 0b003a01 10000 100 311974 2016166258 289214 38636
0b003a01 0b003f01 10000 100 116625 2016402516 61279 13939
0b001a01 0b003201 10000 100 39431 2016338696 138999 11628
0b001701 0b004a01 10000 100 5299507 2015247024 1266178 456792
0b003201 0b001701 10000 100 454964 2016339020 175850 46464
0b001a01 0b004901 10000 100 22596 2016407978 108382 14376
0b004001 0b004501 10000 100 1198994 2016211145 309283 104683
0b004001 0b001201 10000 100 12921 2016473713 55658 13563
0b001001 0b001401 10001 100 1203517 2016255988 283572 105064
0b003501 0b002d01 10000 100 178759 2016427473 132983 23308
0b004001 0b004301 10000 100 1306662 2016384303 218616 113711
0b002501 0b003101 10000 100 4175452 2014724799 1886971 358392
0b003401 0b004f01 10000 100 143089 2016446328 170916 24480
0b004b01 0b001401 10000 100 4161579 2015730739 891547 361388
0b000701 0b001c01 10000 100 1867702 2016150499 487910 164909
0b001b01 0b002701 10000 100 48521 2016481320 167359 12389
0b000601 0b003901 10000 100 75985 2016547785 115471 14690
0b001701 0b001d01 10000 100 5343918 2015782767 891788 452194
0b003101 0b003501 10000 100 2959 2016681284 12824 4408
0b003601 0b004c01 10000 100 1226744 2016414431 281272 115331
0b001501 0b004401 10001 100 389269 2016483207 216645 45119
0b004e01 0b000101 10000 100 545747 2016121574 599317 58236
0b003e01 0b003a01 10000 100 25038 2016689421 36495 6262
0b002001 0b003401 10000 100 23434 2016580186 152515 10286
0b000f01 0b001801 10000 100 36097 2016608655 136192 11349
0b004b01 0b004801 10001 100 1677443 2016449594 303317 144798
0b004201 0b000501 10000 100 29431158 2005976823 10780120 2479991
0b001d01 0b003701 10000 100 1407 2016748025 21602 8440
0b001001 0b004e01 10000 100 997632 2016460771 337090 96122
0b004401 0b002a01 10000 100 2815141 2013425279 3377549 248504
0b002501 0b004001 10000 100 2254 2016734882 73811 12671
0b004b01 0b004301 10000 100 1233393 2016609539 206939 107570
0b003801 0b003e01 10000 100 924841 2016681467 145219 81699
0b001c01 0b003901 10001 100 63224 2016764852 73759 13623
0b002f01 0b000001 10000 100 1400723 2016507025 352484 125757
0b002b01 0b004a01 10000 100 166398 2016610732 273239 26433
0b002201 0b004b01 10000 100 26277 2016793122 92830 14685
0b003401 0b000b01 10000 100 5595 2016813872 73178 8790
0b001801 0b004a01 10000 100 58287 2016757924 142551 17369
0b002801 0b001601 10000 100 57757 2016805772 111959 13163
0b004c01 0b003d01 10001 100 18646 2016832906 110011 14044
0b001101 0b002901 10000 100 719234 2016694591 294322 68623
0b000801 0b001d01 10000 100 4872 2016950710 52180 8728
0b004201 0b001b01 10000 100 66968 2016857222 146712 18094
0b001901 0b002201 10000 100 52682 2016871425 134310 12738
0b004e01 0b003e01 10000 100 74957 2016947045 96892 18764
0b004e01 0b004401 10000 100 79704 2016991470 63597 10843
0b000001 0b000501 10000 100 1290840 2016851028 212623 112384
0b001e01 0b003d01 10000 100 47779 2017002558 64654 12326
0b001601 0b000001 10000 100 1879901 2016499345 571490 165931
0b000501 0b004901 10000 100 16357 2016926746 168568 13853
0b000601 0b003f01 10000 100 19574 2017028342 70570 9962
0b001b01 0b002701 10001 100 209472 2017002047 100116 25884
0b004e01 0b001e01 10000 100 3703257 2014739533 2371129 322963
0b001901 0b003501 10000 100 93858 2017058388 89024 16189
0b001801 0b000501 10000 100 14043 2017111943 48820 9501
0b002601 0b003c01 10000 100 21419 2017043716 117705 10118
0b003a01 0b000501 10000 100 42186 2017073976 88940 11860
0b001801 0b004a01 10001 100 42968 2017094095 75914 16082
0b003e01 0b003301 10000 100 25441 2017142005 36524 6295
0b004e01 0b002001 10000 100 66857 2017037232 150194 18085
0b004401 0b002c01 10000 100 4474563 2015852599 1363955 387629
0b001401 0b003201 10000 100 188305 2017122032 106985 24110
0b004001 0b004601 10000 100 10355 2017202134 27692 5030
0b003601 0b003701 10001 100 1438975 2017038163 192004 124803
0b004401 0b004101 10000 100 61276 2017197761 49750 9300
0b004701 0b001a01 10000 100 91296 2017152253 95685 20136
0b000c01 0b002101 10000 100 677482 2017034653 233778 65122
0b003d01 0b003301 10000 100 42347 2017235716 43446 7712
0b004801 0b000e01 10000 100 1277961 2016088392 1209493 119624
0b002901 0b000501 10000 100 2171600 2015555240 1778726 190388
0b004001 0b002e01 10000 100 568539 2016216146 1131506 60148
0b000d01 0b000401 10000 100 776691 2017216798 140979 69278
0b002101 0b004401 10000 100 56549 2017257532 112064 17222
0b002401 0b003901 10000 100 1320470 2016580868 795904 119030
0b000301 0b003b01 10000 100 31332 2017304779 75328 10949
0b002401 0b000a01 10000 100 1588169 2016495893 888350 141475
0b000a01 0b003c01 10000 100 6527013 2014583253 2804984 555548
0b003001 0b002101 10000 100 3762 2017335441 70561 8636
0b002901 0b004301 10001 100 44621 2017341635 81449 16222
0b001401 0b003401 10001 100 29018594 2011609899 5832444 2441240
0b001601 0b004e01 10000 100 40868 2017345977 96380 15906
0b003e01 0b000101 10000 100 19630 2017329461 120630 9967
0b004301 0b003a01 10001 100 21892 2017371980 85813 14315
0b004901 0b002201 10000 100 1881280 2014932656 2532314 170209
0b004701 0b003901 10000 100 4819 2017429653 40325 12884
0b001901 0b002c01 10000 100 568591 2017323806 191653 55992
0b002f01 0b002c01 10000 100 3738848 2016985764 544113 317625
0b004601 0b003501 10000 100 4578459 2014177264 3380027 396340
0b002d01 0b004b01 10001 100 79980 2017430227 136445 19185
0b000701 0b003f01 10001 100 9891043 2014913572 2683630 837588
0b000401 0b003d01 10000 100 9247528 2014327764 3281057 783634
0b003701 0b002f01 10001 100 840182 2017394024 242253 78764
0b000101 0b003401 10000 100 145674 2017543340 96659 20534
0b003c01 0b002001 10000 100 32227 2017399708 243291 11024
0b002101 0b000e01 10000 100 19316 2017467148 178394 9942
0b004401 0b004301 10000 100 826690 2017494908 150815 73470
0b004301 0b001901 10000 100 29582 2017579962 68679 14961
0b001c01 0b001f01 10000 100 8841 2017627282 24511 4901
0b004101 0b002801 10001 100 939500 2017064004 587937 91249
0b002501 0b003b01 10000 100 37477 2017579739 84075 11464
0b004a01 0b002201 10000 100 71669 2017455422 216053 18490
0b004101 0b003a01 10001 100 72422 2017585389 86341 18554
0b001001 0b002e01 10000 100 4408086 2016148060 1525198 377897
0b002901 0b000f01 10001 100 6468892 2016737599 936216 550672
0b000001 0b004601 10002 100 173028 2017429802 245204 26990
0b002301 0b004401 10000 100 771916 2017246828 439154 77197
0b001001 0b000301 10002 100 13739453 2010782433 6913078 1160237
0b004601 0b001301 10000 100 152744 2017539107 184342 25287
0b000301 0b000b01 10000 100 1476210 2017422734 316361 127928
0b004b01 0b003601 10001 100 35593 2017672811 72295 15465
0b000001 0b000f01 10000 100 1918341 2017348092 401776 164996
0b004701 0b002a01 10001 100 9556 2017714584 50514 13282
0b003b01 0b003701 10000 100 1689789 2017364431 402201 145832
0b003d01 0b000701 10000 100 140609 2017552274 219140 20110
0b000101 0b001501 10000 100 175242 2017611501 167922 23015
0b004401 0b003901 10000 100 22520 2017718164 63790 14369
0b001801 0b000b01 10000 100 24188998 2013597637 4185844 2036325
0b004001 0b004701 10000 100 24971 2017747163 36393 6253
0b000a01 0b004a01 10000 100 5369208 2016287972 1515656 462637
0b004f01 0b004b01 10001 100 41948 2017766219 43195 7677
0b000101 0b003001 10000 100 96023 2017656393 167715 16374
0b002601 0b004001 10000 100 950942 2017269735 561191 92207
0b002701 0b003801 10001 100 2406610 2017280149 555437 210091
0b003001 0b003501 10001 100 1805060 2017580557 280059 155499
0b004801 0b000201 10000 100 68320 2017751740 109741 18210
0b004901 0b004701 10001 100 2390363 2017538794 348115 204570
0b002601 0b002e01 10000 100 3731419 2017388335 501672 317004
0b002701 0b002601 10001 100 8666317 2016828201 1086341 730746
0b003b01 0b003201 10000 100 4218292 2017219896 698404 357824
0b003201 0b003901 10002 100 6692 2017896583 22240 4722
0b002201 0b000a01 10000 100 20396 2017741244 179852 10032
0b003f01 0b003801 10000 100 1427 2017913259 8391 4281
0b004f01 0b003601 10001 100 31578 2017890291 69632 15129
0b000f01 0b000301 10000 100 8188443 2017068066 934309 690681
0b001901 0b002f01 10000 100 26295 2017929602 112460 10527
0b002601 0b002d01 10000 100 616174 2017929121 118062 55823
0b000001 0b002901 10000 100 18294 2017946799 132516 9856
0b002201 0b001101 10001 100 78204 2017946956 138008 14879
0b001901 0b002301 10000 100 3649522 2016757899 1327148 314297
0b000b01 0b002901 10000 100 1422335 2017549225 545548 127571
0b004301 0b000301 10000 100 52713 2017993054 106520 16900
0b000b01 0b003001 10002 100 4479284 2016577674 1535005 383865
0b003601 0b001001 10000 100 149 2018089225 23459 8335
0b004e01 0b001201 10000 100 975 2018090560 25735 12561
0b002d01 0b001a01 10001 100 818555 2017885618 239959 76949
0b001e01 0b003501 10000 100 52932 2017984005 146038 12758
0b003e01 0b001a01 10000 100 7252 2018106635 38096 8930
0b002201 0b002a01 10000 100 304031 2018040731 106436 29653
0b002c01 0b004201 10000 100 1898739 2017490643 657021 171671
0b004e01 0b002a01 10000 100 24937575 2003342543 14828819 2103247
0b000f01 0b001001 10001 100 54230 2018004899 167430 12869
0b000301 0b004501 10000 100 4359240 2017250950 921562 377961
0b003b01 0b000c01 10000 100 9724750 2013448277 4735160 823644
0b003101 0b002501 10000 100 7320154 2015902973 2281181 622044
0b002801 0b002201 10000 100 116413 2018129603 61265 13922
0b002a01 0b004c01 10000 100 73803 2018015683 176420 18668
0b002401 0b000b01 10000 100 1426 2018144465 50068 8441
0b004b01 0b001a01 10001 100 9221 2018127037 102338 13256
0b003601 0b002b01 10000 100 5634 2018172213 73662 8793
0b004301 0b003101 10000 100 3231555 2016052900 2203469 283415
0b004901 0b004501 10000 100 22802 2018249640 35263 6072
0b002001 0b000001 10001 100 4925104 2017568493 717451 421244
0b000b01 0b004001 10000 100 173110 2018075007 225149 26996
0b000001 0b002b01 10000 100 4351 2018311745 31993 8687
0b000c01 0b001f01 10001 100 734129 2018064009 308771 69872
0b002901 0b003d01 10000 100 7463 2018299080 87216 8947
0b002f01 0b001c01 10000 100 25226 2018301699 103750 10437
0b004601 0b000b01 10000 100 39073 2018220898 191316 15759
0b002201 0b001701 10000 100 1841646 2017673271 745216 162724
0b004401 0b000901 10000 100 4376557 2015558570 2891722 379412
0b002401 0b000601 10000 100 57502 2018345388 126953 13142
0b004c01 0b004001 10000 100 5453801 2017842143 636723 461407
0b002601 0b000901 10002 100 66738 2018424481 70869 13916
0b001501 0b000501 10000 100 291941 2018177251 327578 32796
0b002f01 0b002601 10000 100 1182 2018496693 8470 4262
0b002901 0b000d01 10002 100 85640 2018271679 240774 15501
0b000701 0b000301 10001 100 140914 2018450978 74023 15974
0b001701 0b000501 10000 100 4979572 2015504668 3043823 425808
0b001a01 0b002f01 10000 100 2131728 2018012032 560376 187045
0b002401 0b004e01 10001 100 63902 2018407627 174245 17837
0b004401 0b004d01 10000 100 140762 2018528408 74337 15962
0b002f01 0b003801 10000 100 38706 2018511354 107455 11566
0b003801 0b000001 10000 100 23037 2018498418 123335 10255
0b002701 0b002101 10000 100 5618629 2017947844 714609 475227
0b004601 0b001e01 10000 100 171946 2018399923 272138 26896
0b001a01 0b001001 10001 100 18285 2018654312 32703 5695
0b004601 0b003001 10000 100 78663 2018559413 135295 19076
0b000f01 0b000601 10000 100 47151 2018654794 45108 8116
0b001b01 0b004701 10000 100 30232 2018563219 143305 15017
0b003c01 0b000b01 10000 100 9206 2018644130 73335 9094
0b002601 0b004f01 10000 100 27684 2018633711 105707 14802
0b003201 0b000701 10001 100 3471973 2017716352 1046742 299410
0b000001 0b003201 10000 100 121366 2018641809 128525 18497
0b001c01 0b003e01 10000 100 132414 2018665384 154751 19423
0b003801 0b003b01 10000 100 73586 2018769819 52694 10331
0b002701 0b003c01 10000 100 381059 2018540372 292924 40271
0b001701 0b001401 10000 100 9852548 2017719476 1122170 830199
0b003801 0b002901 10000 100 91089 2018666280 176219 15960
0b003201 0b003401 10000 100 23868 2018809849 36572 6161
0b000a01 0b003501 10000 100 5879 2018773791 86248 8813
0b001c01 0b000801 10000 100 2238705 2017676625 1224001 196014
0b002901 0b002301 10000 100 544365 2018789599 113576 49802
0b004301 0b001501 10000 100 55465 2018746972 156535 17132
0b003001 0b001201 10000 100 4687775 2018000985 905067 401343
0b002401 0b000601 10001 100 6534 2018862343 103633 8869
0b002201 0b004801 10000 100 54004 2018835095 135313 17011
0b004f01 0b000801 10000 100 63116 2018880742 99959 17775
0b003201 0b004e01 10000 100 529412 2018701126 294760 56868
0b000101 0b001401 10001 100 50951 2018868716 142192 12591
0b001c01 0b000201 10001 100 9068 2018926054 90609 9083
0b002201 0b002401 10000 100 145159 2018951197 67529 16333
0b001f01 0b004b01 10000 100 15041 2018947521 81384 13744
0b000a01 0b000101 10000 100 20504 2019004511 34013 5880
0b001201 0b000d01 10000 100 46434 2018981816 73517 12215
0b002401 0b000901 10000 100 31368 2018960310 100922 10952
0b003801 0b004a01 10000 100 1346 2019011191 50351 12595
0b001601 0b002101 10001 100 1900419 2018017713 1061282 167653
0b004701 0b000001 10000 100 4722352 2015651880 3435473 408404
0b003f01 0b001c01 10000 100 9589257 2017127840 2033988 812286
0b004201 0b001c01 10000 100 6458 2019101612 65680 13023
0b000101 0b001a01 10000 100 8366324 2017466257 1739143 709755
0b001b01 0b000601 10000 100 39290 2019143466 63218 11616
0b004001 0b004e01 10001 100 77008 2019160322 53929 10620
0b004001 0b002401 10000 100 63929 2019138129 86382 17840
0b004f01 0b000c01 10000 100 29090 2019155873 74576 14922
0b000401 0b004b01 10000 100 61502 2019094937 143065 17638
0b000c01 0b003b01 10000 100 67391 2019142423 101577 13972
0b000901 0b004301 10000 100 4037270 2018630747 618263 350967
0b001201 0b003001 10000 100 27261208 2014307347 4969086 2293902
0b001b01 0b004201 10000 100 5748733 2017691008 1604587 494454
0b001b01 0b000b01 10000 100 38743 2019191719 105894 11569
0b003d01 0b002601 10000 100 60994 2019237920 103846 13433
0b004401 0b002f01 10000 100 15016 2019271772 71482 13742
0b004201 0b004d01 10001 100 5465 2019338503 20422 4620
0b003c01 0b000e01 10000 100 1627050 2018376275 1000476 144735
0b003e01 0b001c01 10000 100 7393 2019359541 37944 8942
0b003a01 0b003701 10000 100 67898 2019433806 53916 9852
0b000b01 0b001901 10000 100 169311 2019353058 136162 22517
0b003501 0b000d01 10000 100 1257036 2019171540 331517 113713
0b004201 0b003e01 10000 100 2004 2019565025 25235 12651
0b002901 0b001d01 10000 100 129018 2019448461 156573 19140
0b002a01 0b004601 10000 100 73363 2019543114 146409 18633
0b004a01 0b000901 10000 100 33571 2019514200 199548 15296
0b003201 0b001601 10000 100 4671052 2018692036 1040730 399944
0b002701 0b002b01 10000 100 3683369 2019283891 460606 312976
0b002301 0b003101 10001 100 4632864 2018057906 1705560 396739
0b004601 0b000601 10000 100 3707173 2017638192 2129960 323292
0b001501 0b001201 10000 100 846062 2019644444 147886 75097
0b000d01 0b003301 10000 100 1081807 2019380729 442715 99019
0b001b01 0b000901 10000 100 7239266 2016895878 3040323 615262
0b004501 0b000801 10001 100 6181794 2016315774 3632213 530762
