19
0 16 3 100 1000000000 2
32 16 3 100 1000000000 2.01
48 16 3 100 1000000000 2.01
1 33 3 100 1000000000 2.02
2 49 3 100 1000000000 2.02
64 16 3 100 1000000000 2.03
80 16 3 100 1000000000 2.03
96 16 3 100 1000000000 2.03
112 16 3 100 1000000000 2.03
128 16 3 100 1000000000 2.03
144 16 3 100 1000000000 2.03
160 16 3 100 1000000000 2.03
3 65 3 100 1000000000 2.04
4 81 3 100 1000000000 2.04
5 97 3 100 1000000000 2.04
6 113 3 100 1000000000 2.04
7 129 3 100 1000000000 2.04
8 145 3 100 1000000000 2.04
9 161 3 100 1000000000 2.04
3 65 3 100 1000000000 2.05
4 81 3 100 1000000000 2.05
5 97 3 100 1000000000 2.05
6 113 3 100 1000000000 2.05
7 129 3 100 1000000000 2.05
8 145 3 100 1000000000 2.05
9 161 3 100 1000000000 2.05
10 177 3 100 1000000000 2.05
11 193 3 100 1000000000 2.05
12 209 3 100 1000000000 2.05
3 65 3 100 1000000000 2.05
4 81 3 100 1000000000 2.05
5 97 3 100 1000000000 2.05
6 113 3 100 1000000000 2.05
7 129 3 100 1000000000 2.05
8 145 3 100 1000000000 2.05
9 161 3 100 1000000000 2.05
10 177 3 100 1000000000 2.05
11 193 3 100 1000000000 2.05
12 209 3 100 1000000000 2.05
3 65 3 100 1000000000 2.05
4 81 3 100 1000000000 2.05
5 97 3 100 1000000000 2.05
6 113 3 100 1000000000 2.05
7 129 3 100 1000000000 2.05
8 145 3 100 1000000000 2.05
9 161 3 100 1000000000 2.05
10 177 3 100 1000000000 2.05
11 193 3 100 1000000000 2.05
12 209 3 100 1000000000 2.05
3 65 3 100 1000000000 2.05
4 81 3 100 1000000000 2.05
5 97 3 100 1000000000 2.05
6 113 3 100 1000000000 2.05
7 129 3 100 1000000000 2.05
8 145 3 100 1000000000 2.05
9 161 3 100 1000000000 2.05
10 177 3 100 1000000000 2.05
11 193 3 100 1000000000 2.05
12 209 3 100 1000000000 2.05
3 65 3 100 1000000000 2.05
4 81 3 100 1000000000 2.05
5 97 3 100 1000000000 2.05
6 113 3 100 1000000000 2.05
7 129 3 100 1000000000 2.05
8 145 3 100 1000000000 2.05
9 161 3 100 1000000000 2.05
10 177 3 100 1000000000 2.05
11 193 3 100 1000000000 2.05
12 209 3 100 1000000000 2.05
3 65 3 100 1000000000 2.05
4 81 3 100 1000000000 2.05
5 97 3 100 1000000000 2.05
6 113 3 100 1000000000 2.05
7 129 3 100 1000000000 2.05
8 145 3 100 1000000000 2.05
9 161 3 100 1000000000 2.05
10 177 3 100 1000000000 2.05
11 193 3 100 1000000000 2.05
12 209 3 100 1000000000 2.05
3 65 3 100 1000000000 2.05
4 81 3 100 1000000000 2.05
5 97 3 100 1000000000 2.05
6 113 3 100 1000000000 2.05
7 129 3 100 1000000000 2.05
8 145 3 100 1000000000 2.05
9 161 3 100 1000000000 2.05
10 177 3 100 1000000000 2.05
11 193 3 100 1000000000 2.05
12 209 3 100 1000000000 2.05
3 65 3 100 1000000000 2.05
4 81 3 100 1000000000 2.05
5 97 3 100 1000000000 2.05
6 113 3 100 1000000000 2.05
7 129 3 100 1000000000 2.05
8 145 3 100 1000000000 2.05
9 161 3 100 1000000000 2.05
10 177 3 100 1000000000 2.05
11 193 3 100 1000000000 2.05
12 209 3 100 1000000000 2.05
3 65 3 100 1000000000 2.05
4 81 3 100 1000000000 2.05
5 97 3 100 1000000000 2.05
6 113 3 100 1000000000 2.05
7 129 3 100 1000000000 2.05
8 145 3 100 1000000000 2.05
9 161 3 100 1000000000 2.05
10 177 3 100 1000000000 2.05
11 193 3 100 1000000000 2.05
12 209 3 100 1000000000 2.05


First line: # of flows
src0 dst0 3 dst_port0 size0 start_time0
src1 dst1 3 dst_port1 size1 start_time1
...

Please order the flows in ascending start_time!