1628 
70 39 3 100 76917 2.000003552
38 31 3 100 475 2.000015569
29 46 3 100 1899 2.000018770
24 28 3 100 835 2.000028900
19 26 3 100 1952481 2.000029682
50 65 3 100 34614 2.000034298
21 20 3 100 188333 2.000043399
9 79 3 100 876854 2.000045395
56 77 3 100 17194 2.000062574
4 66 3 100 27206 2.000067991
14 30 3 100 5777660 2.000083529
66 68 3 100 363 2.000083538
47 71 3 100 23462 2.000088644
2 48 3 100 57979 2.000093671
31 6 3 100 1785746 2.000097047
7 13 3 100 55674 2.000099586
79 69 3 100 35185 2.000101301
15 31 3 100 192707 2.000107716
44 29 3 100 111641 2.000127249
17 26 3 100 8412 2.000131613
48 51 3 100 373750 2.000135656
47 27 3 100 148343 2.000148119
44 37 3 100 78689 2.000161360
3 13 3 100 9814549 2.000199684
51 36 3 100 41625 2.000201119
45 17 3 100 2465275 2.000203350
50 36 3 100 2465552 2.000207805
28 11 3 100 2521489 2.000215750
58 47 3 100 33647 2.000221575
6 48 3 100 1214833 2.000237194
31 7 3 100 10400 2.000254653
27 17 3 100 97310 2.000257039
52 39 3 100 231659 2.000285792
13 76 3 100 88778 2.000292195
3 65 3 100 21649 2.000292528
24 47 3 100 162380 2.000293504
53 67 3 100 204045 2.000299429
17 58 3 100 19773 2.000308820
21 11 3 100 43198 2.000323349
3 14 3 100 1741618 2.000330150
76 25 3 100 38418 2.000347234
9 38 3 100 9616 2.000374246
2 78 3 100 30690 2.000387742
53 6 3 100 107187 2.000388342
66 50 3 100 22522 2.000396538
2 25 3 100 72798 2.000424467
0 44 3 100 199179 2.000433549
56 58 3 100 589423 2.000463909
28 9 3 100 58834 2.000467244
40 53 3 100 3884 2.000481904
50 49 3 100 696418 2.000484316
44 52 3 100 880870 2.000488047
3 9 3 100 76326 2.000488961
72 36 3 100 9825 2.000501455
77 31 3 100 6325 2.000514518
41 51 3 100 61405 2.000537480
23 79 3 100 3633220 2.000540149
34 79 3 100 3753063 2.000553325
79 68 3 100 459437 2.000562635
79 3 3 100 4571186 2.000576666
50 7 3 100 4468528 2.000578889
30 60 3 100 9379 2.000597215
77 23 3 100 72710 2.000603328
28 11 3 100 886138 2.000605164
66 22 3 100 2177638 2.000613275
11 66 3 100 2739628 2.000616457
43 8 3 100 53381 2.000631479
23 15 3 100 23039 2.000651770
22 29 3 100 1643915 2.000663450
76 79 3 100 538771 2.000677426
52 78 3 100 40455 2.000695373
34 31 3 100 35871 2.000716254
50 76 3 100 3206 2.000732579
68 14 3 100 1679921 2.000735788
64 29 3 100 2916967 2.000746023
73 51 3 100 97899 2.000749203
9 54 3 100 149715 2.000753074
79 48 3 100 4445816 2.000757231
19 29 3 100 21235 2.000767095
63 29 3 100 1344237 2.000778131
71 67 3 100 977958 2.000781223
16 73 3 100 3981524 2.000790620
79 50 3 100 1575660 2.000805249
28 71 3 100 29546 2.000805886
54 5 3 100 4607605 2.000816625
36 38 3 100 65631 2.000835328
4 29 3 100 18783 2.000845059
46 50 3 100 141715 2.000859347
13 60 3 100 4967733 2.000861907
29 32 3 100 28762 2.000879558
20 6 3 100 69253 2.000905607
74 25 3 100 70819 2.000916056
44 38 3 100 1272667 2.000980402
7 29 3 100 26414 2.000984256
78 71 3 100 1142262 2.001014822
70 40 3 100 6337443 2.001026191
42 18 3 100 41723 2.001030059
48 19 3 100 3970352 2.001033600
35 76 3 100 72782 2.001042078
28 63 3 100 33320 2.001044830
61 34 3 100 1881844 2.001045163
74 56 3 100 23520 2.001054236
69 77 3 100 53234 2.001065936
76 54 3 100 4732 2.001087069
36 65 3 100 7806 2.001105255
16 38 3 100 3554839 2.001108381
23 26 3 100 16110554 2.001132052
22 70 3 100 596 2.001147987
9 57 3 100 716524 2.001156841
33 27 3 100 2023 2.001179185
17 18 3 100 392367 2.001229007
50 30 3 100 16243 2.001246091
36 66 3 100 5544 2.001264788
60 13 3 100 5069 2.001275871
20 30 3 100 4604327 2.001276900
35 37 3 100 8544946 2.001284164
22 74 3 100 28831 2.001284637
40 24 3 100 1064 2.001292151
56 5 3 100 9020535 2.001296597
74 69 3 100 666345 2.001299426
36 71 3 100 906689 2.001308976
8 1 3 100 12419 2.001319331
53 2 3 100 8008859 2.001343768
38 67 3 100 1372211 2.001344201
69 46 3 100 17209 2.001346968
20 43 3 100 16574299 2.001349860
18 60 3 100 15827 2.001359006
51 71 3 100 46666 2.001363490
41 37 3 100 21480 2.001370575
77 71 3 100 2283 2.001376062
30 47 3 100 1406341 2.001392860
63 57 3 100 1485220 2.001415487
34 58 3 100 8335009 2.001423653
12 8 3 100 1960549 2.001425085
52 53 3 100 3613 2.001436980
48 45 3 100 2921316 2.001456836
58 74 3 100 7127 2.001461737
69 58 3 100 26240 2.001471504
29 31 3 100 352024 2.001477599
47 35 3 100 29663 2.001483349
50 54 3 100 255259 2.001494127
79 5 3 100 25202 2.001494129
24 50 3 100 78502 2.001500957
28 6 3 100 65858 2.001511148
52 71 3 100 45948 2.001522313
7 63 3 100 78056 2.001529010
44 46 3 100 6392 2.001532222
27 16 3 100 53820 2.001540133
66 69 3 100 465545 2.001566182
30 66 3 100 6175 2.001570953
24 68 3 100 68162 2.001575550
28 33 3 100 757333 2.001603183
17 49 3 100 728966 2.001640449
27 8 3 100 4515 2.001661028
51 27 3 100 901735 2.001661444
36 78 3 100 21651 2.001683831
78 21 3 100 161492 2.001684886
5 57 3 100 22684 2.001714121
57 47 3 100 85294 2.001744236
79 28 3 100 60955 2.001745500
60 51 3 100 58373 2.001746363
15 72 3 100 4445992 2.001787698
33 72 3 100 76 2.001814098
16 10 3 100 2943100 2.001831482
70 77 3 100 8595 2.001847511
17 78 3 100 474092 2.001847649
47 72 3 100 8401 2.001861025
10 21 3 100 6984016 2.001868970
17 3 3 100 7171 2.001873251
44 31 3 100 870678 2.001887108
50 21 3 100 45235 2.001890794
66 38 3 100 46957 2.001917129
40 66 3 100 35794 2.001920258
56 58 3 100 911313 2.001929706
42 30 3 100 7360150 2.001935732
69 77 3 100 119183 2.001946686
22 4 3 100 586 2.001949694
71 12 3 100 120849 2.001955648
24 60 3 100 3917 2.001970868
12 41 3 100 676430 2.001991779
58 12 3 100 147536 2.002015799
28 59 3 100 51336 2.002017025
2 16 3 100 212649 2.002020835
40 36 3 100 10965 2.002026172
39 3 3 100 9559 2.002044628
14 58 3 100 64914 2.002064370
15 5 3 100 2037 2.002064410
32 42 3 100 122594 2.002101772
33 7 3 100 11605 2.002102330
5 46 3 100 15349 2.002110783
4 8 3 100 71070 2.002114742
41 45 3 100 1957904 2.002116165
50 17 3 100 488724 2.002128650
0 65 3 100 766072 2.002138934
63 52 3 100 994151 2.002156934
77 0 3 100 4748183 2.002157878
20 63 3 100 1919803 2.002161552
71 65 3 100 8854550 2.002175739
17 43 3 100 72660 2.002190204
32 17 3 100 2302589 2.002194031
27 21 3 100 28610 2.002202280
55 56 3 100 37403 2.002203546
53 44 3 100 47746 2.002208016
77 18 3 100 8421 2.002234125
41 15 3 100 581233 2.002247682
29 63 3 100 34255 2.002259373
8 50 3 100 44707 2.002259686
68 17 3 100 151178 2.002261097
41 57 3 100 18712 2.002264249
45 70 3 100 22762 2.002268520
55 75 3 100 4637904 2.002271886
43 11 3 100 24775 2.002274457
0 76 3 100 3035416 2.002300650
19 1 3 100 3454 2.002302492
58 75 3 100 38422 2.002320923
68 2 3 100 39525 2.002345153
27 14 3 100 182035 2.002354888
55 10 3 100 14015 2.002359020
14 24 3 100 6918 2.002364159
61 77 3 100 32944 2.002367870
72 23 3 100 24456 2.002398169
18 47 3 100 5689085 2.002402386
20 52 3 100 26149 2.002408220
8 45 3 100 378 2.002436370
14 2 3 100 1361330 2.002436560
39 6 3 100 124256 2.002458152
13 50 3 100 8096 2.002469126
59 73 3 100 9380077 2.002472454
56 21 3 100 6521187 2.002497453
41 9 3 100 58861 2.002504936
16 54 3 100 231542 2.002523678
51 9 3 100 1829746 2.002527337
56 55 3 100 6489353 2.002527575
67 39 3 100 6672 2.002540415
75 26 3 100 3746 2.002544984
23 10 3 100 67523 2.002555910
71 55 3 100 4732 2.002608594
19 31 3 100 3797456 2.002614411
78 57 3 100 58638 2.002616481
58 8 3 100 39166 2.002622264
11 40 3 100 169551 2.002648186
79 54 3 100 26035200 2.002656128
30 68 3 100 902440 2.002657313
78 60 3 100 10433 2.002688334
56 37 3 100 4546060 2.002747785
1 73 3 100 55180 2.002751725
78 46 3 100 1249100 2.002769152
3 74 3 100 1373119 2.002775792
37 3 3 100 39498 2.002798485
66 47 3 100 133738 2.002800071
73 52 3 100 6865 2.002805613
67 59 3 100 4899689 2.002809378
10 29 3 100 31407 2.002823023
26 61 3 100 21511 2.002831908
77 16 3 100 24788 2.002847371
67 76 3 100 4743 2.002855782
57 69 3 100 911540 2.002860494
11 44 3 100 14644 2.002863545
48 54 3 100 63348 2.002870211
26 69 3 100 2305748 2.002882376
64 78 3 100 69419 2.002882412
0 10 3 100 1010609 2.002894730
0 34 3 100 1527311 2.002908249
23 44 3 100 59035 2.002925256
48 9 3 100 69426 2.002927198
14 45 3 100 14857 2.002938071
49 63 3 100 52414 2.002941696
44 74 3 100 1700369 2.002952425
8 21 3 100 36147 2.002962771
37 32 3 100 28263 2.002970858
54 66 3 100 13339 2.002977266
67 57 3 100 10438 2.002994658
12 30 3 100 530237 2.002995813
28 51 3 100 110156 2.003008284
78 24 3 100 25337 2.003009876
62 22 3 100 39573 2.003014232
69 67 3 100 65934 2.003017682
3 75 3 100 2679572 2.003033826
13 19 3 100 7156 2.003078382
38 9 3 100 19591 2.003093093
45 46 3 100 1925363 2.003116189
30 24 3 100 77740 2.003121698
61 11 3 100 43933 2.003138037
0 47 3 100 1719602 2.003141932
60 37 3 100 53854 2.003160429
46 35 3 100 7418 2.003166120
58 74 3 100 6327 2.003172656
28 14 3 100 4879 2.003190838
32 59 3 100 4401592 2.003196950
42 13 3 100 317509 2.003206188
65 31 3 100 9347 2.003222605
11 38 3 100 13238 2.003240775
7 75 3 100 12944 2.003242278
70 51 3 100 3012893 2.003243096
79 34 3 100 36181 2.003262360
44 78 3 100 58573 2.003277451
21 19 3 100 16105 2.003279725
1 36 3 100 60660 2.003293101
16 63 3 100 824582 2.003300954
58 40 3 100 7314 2.003309455
11 73 3 100 174261 2.003334498
3 33 3 100 20471 2.003338013
78 42 3 100 24937575 2.003342543
27 16 3 100 3905 2.003350507
27 52 3 100 2138561 2.003361914
72 48 3 100 4510 2.003365430
62 45 3 100 33118 2.003381635
59 0 3 100 568057 2.003396226
35 73 3 100 52497 2.003417305
48 31 3 100 6984 2.003428327
1 34 3 100 2598790 2.003430790
32 63 3 100 21592 2.003454175
46 69 3 100 3566441 2.003470038
26 45 3 100 53711 2.003477271
8 53 3 100 27488 2.003479237
42 40 3 100 72078 2.003483453
46 44 3 100 40573 2.003496072
18 78 3 100 902929 2.003508589
21 22 3 100 24650 2.003530741
28 0 3 100 1045891 2.003532328
65 38 3 100 193079 2.003544703
31 3 3 100 4976590 2.003575860
3 2 3 100 1801400 2.003604398
45 20 3 100 3229 2.003611816
65 35 3 100 59459 2.003638552
32 75 3 100 71543 2.003651503
28 29 3 100 2338 2.003653603
5 41 3 100 80307 2.003685850
1 20 3 100 6015 2.003697762
8 43 3 100 8737293 2.003707514
47 36 3 100 20619 2.003712296
28 71 3 100 46257 2.003712661
33 6 3 100 44439 2.003716462
71 77 3 100 307082 2.003734697
50 57 3 100 4348 2.003765214
26 29 3 100 431712 2.003769096
21 2 3 100 3246040 2.003771999
62 53 3 100 6804 2.003800157
47 48 3 100 9213082 2.003800303
55 76 3 100 79935 2.003802253
70 38 3 100 16926473 2.003821272
74 26 3 100 50657 2.003837319
26 53 3 100 1871 2.003839918
44 35 3 100 4287617 2.003841945
61 2 3 100 431911 2.003842597
42 1 3 100 59629 2.003844101
11 48 3 100 29178392 2.003849748
64 9 3 100 815582 2.003869908
19 37 3 100 109312 2.003893789
54 18 3 100 229068 2.003905896
39 66 3 100 23085359 2.003911718
73 52 3 100 2232154 2.003937313
77 45 3 100 577863 2.003960956
16 3 3 100 22476 2.003970175
62 19 3 100 38633 2.003972063
67 14 3 100 67447 2.003973097
19 54 3 100 190950 2.003978778
60 69 3 100 683 2.004034081
6 29 3 100 59130 2.004037693
67 52 3 100 7041 2.004040178
9 68 3 100 3937234 2.004043414
48 53 3 100 26332 2.004056859
76 2 3 100 57911 2.004065597
21 1 3 100 26098315 2.004073321
52 47 3 100 6528 2.004076336
25 29 3 100 1430824 2.004084434
57 35 3 100 4324555 2.004098015
14 71 3 100 4456564 2.004144003
19 59 3 100 26034 2.004157565
7 41 3 100 2905292 2.004158923
77 43 3 100 41472 2.004167496
29 64 3 100 121560 2.004185859
37 44 3 100 193892 2.004194030
39 38 3 100 3719266 2.004231401
55 14 3 100 133759 2.004235528
33 35 3 100 15511229 2.004235727
30 68 3 100 2755 2.004299069
13 66 3 100 49401 2.004305819
42 61 3 100 2054 2.004307848
14 61 3 100 217847 2.004325239
45 75 3 100 70433 2.004330437
59 2 3 100 4718009 2.004343347
38 61 3 100 6303561 2.004374656
6 23 3 100 1827 2.004405669
24 14 3 100 879 2.004413970
68 41 3 100 3898307 2.004426336
51 64 3 100 5409758 2.004430547
71 11 3 100 2972 2.004438611
38 47 3 100 7226543 2.004439357
68 12 3 100 1150796 2.004443445
76 4 3 100 11287 2.004484305
24 72 3 100 6803 2.004487222
41 38 3 100 684102 2.004489399
79 21 3 100 68430 2.004491851
65 66 3 100 6400173 2.004517757
24 64 3 100 158411 2.004545244
3 72 3 100 2459503 2.004546694
78 77 3 100 67287 2.004567022
14 76 3 100 29003927 2.004567350
26 68 3 100 655331 2.004572790
69 23 3 100 43101 2.004598534
44 21 3 100 1220441 2.004598540
75 77 3 100 4242 2.004608729
70 52 3 100 5808984 2.004610309
27 79 3 100 9373 2.004650061
5 23 3 100 46025 2.004660171
26 48 3 100 64434 2.004668877
74 25 3 100 8937 2.004690411
30 21 3 100 60287 2.004690545
29 76 3 100 4554275 2.004694879
63 75 3 100 71722 2.004697775
3 65 3 100 461992 2.004699533
24 10 3 100 380756 2.004705883
79 57 3 100 5911 2.004709036
3 38 3 100 16485 2.004723623
55 35 3 100 37301 2.004735457
76 2 3 100 1226637 2.004738259
17 25 3 100 8684 2.004738972
53 2 3 100 857598 2.004774524
66 6 3 100 65128 2.004798154
11 23 3 100 9074635 2.004817269
19 27 3 100 15605 2.004822101
48 27 3 100 38707 2.004830759
8 7 3 100 386 2.004835845
70 36 3 100 2231614 2.004840068
77 11 3 100 122634 2.004851289
39 35 3 100 3560347 2.004889821
66 57 3 100 2569700 2.004911647
26 39 3 100 4176 2.004922158
55 49 3 100 2284080 2.004925151
26 7 3 100 782859 2.004932027
67 51 3 100 7337532 2.004932968
19 14 3 100 30088 2.004942083
46 37 3 100 38070 2.004945900
33 10 3 100 227503 2.004958371
59 56 3 100 59797 2.004971983
21 30 3 100 7241338 2.004984434
42 67 3 100 9222896 2.004986668
17 28 3 100 4831523 2.004992462
28 57 3 100 41490 2.005026438
56 20 3 100 4957647 2.005034523
27 57 3 100 3474564 2.005035872
40 57 3 100 56933 2.005051630
34 17 3 100 9255 2.005058442
65 40 3 100 101756 2.005063069
15 78 3 100 905 2.005073286
44 49 3 100 4545546 2.005078038
58 56 3 100 2335713 2.005078560
42 33 3 100 26698137 2.005083242
17 71 3 100 3679533 2.005097363
2 69 3 100 1736792 2.005103707
15 31 3 100 29078 2.005136421
36 25 3 100 28296 2.005145130
50 72 3 100 4507 2.005145812
31 20 3 100 7158638 2.005147051
25 49 3 100 1949 2.005159710
25 45 3 100 7800509 2.005166528
48 38 3 100 376891 2.005192971
78 10 3 100 1954219 2.005205731
40 32 3 100 62363 2.005220726
8 5 3 100 5246814 2.005231459
52 36 3 100 1784355 2.005240107
15 5 3 100 14029 2.005241496
75 37 3 100 3874701 2.005259912
0 52 3 100 84031 2.005268315
49 38 3 100 32296 2.005274556
22 51 3 100 21846 2.005281294
32 5 3 100 67490 2.005285292
56 40 3 100 19537 2.005291837
49 18 3 100 23824887 2.005320260
12 43 3 100 579607 2.005320650
71 14 3 100 23051 2.005321061
11 66 3 100 787956 2.005323973
15 22 3 100 23603 2.005341770
32 0 3 100 2434941 2.005380116
79 34 3 100 17134 2.005383162
20 2 3 100 28307 2.005393401
10 27 3 100 182643 2.005405894
33 48 3 100 911689 2.005433504
59 67 3 100 30781 2.005446754
11 34 3 100 19487 2.005448856
49 5 3 100 153279 2.005476168
11 48 3 100 13991 2.005478432
69 18 3 100 2976 2.005486112
72 60 3 100 161872 2.005492289
52 21 3 100 1567 2.005502357
26 31 3 100 1768458 2.005505269
69 14 3 100 7087167 2.005505974
71 46 3 100 31200 2.005550717
5 16 3 100 1443 2.005565942
70 66 3 100 3059370 2.005573805
37 27 3 100 15964 2.005582901
60 7 3 100 239411 2.005585525
57 2 3 100 67256 2.005607485
28 67 3 100 45277 2.005609634
44 47 3 100 69942 2.005629744
27 2 3 100 440542 2.005632427
64 39 3 100 44003 2.005640808
11 54 3 100 1829810 2.005649454
27 74 3 100 6538 2.005652907
8 44 3 100 952674 2.005675347
76 47 3 100 33943 2.005686981
55 70 3 100 2232678 2.005770089
65 55 3 100 3443870 2.005771314
79 70 3 100 138523 2.005787306
51 5 3 100 1987625 2.005789200
20 47 3 100 1496680 2.005791987
3 23 3 100 64319 2.005797170
12 57 3 100 60470 2.005842063
38 42 3 100 6757191 2.005867087
1 72 3 100 1286503 2.005877453
74 43 3 100 63719 2.005885433
35 20 3 100 24179 2.005898958
40 24 3 100 89552 2.005939075
42 49 3 100 47566 2.005939085
50 41 3 100 60739 2.005948964
10 57 3 100 3790 2.005965457
56 44 3 100 26794 2.005975251
66 5 3 100 29431158 2.005976823
26 63 3 100 456577 2.005989318
52 61 3 100 36348 2.005994958
12 54 3 100 2175698 2.006000766
75 57 3 100 2932649 2.006014043
58 44 3 100 78201 2.006030778
12 9 3 100 192256 2.006032327
12 41 3 100 35696 2.006038223
55 23 3 100 41534 2.006049679
57 63 3 100 9024 2.006066655
13 11 3 100 5360 2.006074938
73 11 3 100 9306072 2.006085924
19 56 3 100 106894 2.006100612
51 26 3 100 31453 2.006106778
9 65 3 100 162412 2.006125214
39 67 3 100 7422311 2.006130833
48 19 3 100 11459763 2.006166204
42 60 3 100 770593 2.006178487
18 75 3 100 59158 2.006184832
67 57 3 100 5211 2.006193356
49 9 3 100 36313 2.006194403
26 20 3 100 77493 2.006197030
44 14 3 100 73352 2.006198730
64 42 3 100 69953 2.006210758
22 15 3 100 1161176 2.006232916
37 16 3 100 1488402 2.006255869
10 12 3 100 22640 2.006268056
43 69 3 100 157466 2.006268293
77 73 3 100 16777144 2.006285961
11 12 3 100 44703 2.006287801
10 51 3 100 1008 2.006291373
17 24 3 100 3702332 2.006307011
64 5 3 100 178396 2.006310522
27 35 3 100 40116 2.006317669
76 77 3 100 4332160 2.006347003
25 6 3 100 9541 2.006347459
60 22 3 100 1489483 2.006353537
67 13 3 100 35263 2.006378409
39 72 3 100 7109 2.006390785
2 40 3 100 65587 2.006390826
47 3 3 100 6205 2.006396335
7 71 3 100 32776 2.006424287
12 11 3 100 252145 2.006425811
45 34 3 100 7646 2.006427911
30 2 3 100 8882 2.006438932
23 66 3 100 29813 2.006491697
79 70 3 100 19597 2.006494791
64 52 3 100 58157 2.006495484
7 11 3 100 25063 2.006506156
60 2 3 100 3947 2.006510059
21 58 3 100 9394380 2.006521901
67 23 3 100 609958 2.006542301
63 1 3 100 2583856 2.006551317
36 45 3 100 27830652 2.006556627
62 68 3 100 9048 2.006557111
18 54 3 100 24428 2.006563348
53 20 3 100 48511 2.006579273
3 7 3 100 44107 2.006584642
62 76 3 100 60030 2.006597686
0 67 3 100 5784 2.006599514
22 44 3 100 9988062 2.006610734
75 35 3 100 29947 2.006611977
75 66 3 100 2129296 2.006621201
34 61 3 100 6680 2.006629397
77 34 3 100 18530998 2.006640973
66 71 3 100 26300 2.006657277
76 12 3 100 436 2.006670741
26 33 3 100 109142 2.006697158
41 70 3 100 20511 2.006702916
19 76 3 100 22576 2.006707738
62 70 3 100 8627229 2.006724266
60 43 3 100 29841 2.006757221
72 58 3 100 1718069 2.006768181
60 72 3 100 804722 2.006771598
50 17 3 100 3368 2.006775420
70 57 3 100 5195533 2.006780361
19 73 3 100 1737302 2.006781146
60 25 3 100 113466 2.006824292
11 32 3 100 9657 2.006831892
34 29 3 100 786932 2.006848261
13 78 3 100 1892921 2.006855113
64 25 3 100 6479 2.006869603
33 15 3 100 26342 2.006908248
45 47 3 100 59258 2.006922327
35 63 3 100 37702 2.006922536
20 25 3 100 3959284 2.006926252
71 79 3 100 230159 2.006943402
59 17 3 100 3644 2.006947686
14 47 3 100 15041 2.006952536
20 79 3 100 338402 2.006960932
13 56 3 100 147575 2.006970492
6 8 3 100 5775738 2.006974247
68 51 3 100 29988 2.006991481
50 66 3 100 606 2.006995436
60 69 3 100 54082 2.006997703
57 25 3 100 1938395 2.007000647
65 79 3 100 9114496 2.007028441
13 79 3 100 8541681 2.007039909
24 3 3 100 4967 2.007056796
58 34 3 100 104932 2.007057012
42 37 3 100 462862 2.007057770
23 40 3 100 83608 2.007093229
2 60 3 100 526 2.007119389
23 17 3 100 3433571 2.007121332
28 72 3 100 166513 2.007134014
60 69 3 100 1074256 2.007170513
19 61 3 100 510883 2.007180855
78 70 3 100 4501 2.007211455
34 11 3 100 65674 2.007230166
8 63 3 100 173333 2.007235981
65 53 3 100 754902 2.007244096
34 67 3 100 52533 2.007250881
55 27 3 100 638363 2.007262483
0 78 3 100 23034 2.007271972
59 15 3 100 3506 2.007275011
38 65 3 100 60120 2.007282017
32 48 3 100 52900 2.007311529
75 68 3 100 29749 2.007313116
32 51 3 100 42112 2.007323261
31 24 3 100 1746891 2.007342276
33 18 3 100 3674204 2.007349549
67 72 3 100 1207019 2.007390623
10 41 3 100 8179471 2.007397391
18 68 3 100 4245973 2.007406425
7 52 3 100 28334 2.007418064
19 27 3 100 1064100 2.007419491
15 68 3 100 29099 2.007432020
34 59 3 100 26758 2.007437439
59 29 3 100 11409 2.007443186
43 56 3 100 42623 2.007450229
41 57 3 100 37719 2.007455725
59 68 3 100 3353 2.007455854
20 42 3 100 1107477 2.007459418
26 20 3 100 46676 2.007463283
38 55 3 100 2035776 2.007463838
65 0 3 100 722323 2.007506261
13 73 3 100 27607 2.007518898
4 14 3 100 189090 2.007530071
72 27 3 100 117369 2.007534442
10 44 3 100 246442 2.007536190
20 75 3 100 6393 2.007583872
37 55 3 100 54760 2.007592116
14 32 3 100 196230 2.007606897
7 67 3 100 45091 2.007608078
58 21 3 100 1294910 2.007609177
33 28 3 100 499944 2.007642963
69 1 3 100 791056 2.007676632
25 3 3 100 21732948 2.007682736
14 18 3 100 23349 2.007722110
72 51 3 100 45258 2.007736068
49 50 3 100 112694 2.007736412
9 12 3 100 1768148 2.007752223
22 12 3 100 1442806 2.007760058
7 64 3 100 1187567 2.007766450
55 53 3 100 9037116 2.007767313
38 8 3 100 121229 2.007767621
40 10 3 100 25334 2.007786215
40 11 3 100 1127 2.007793301
30 21 3 100 6318766 2.007797758
65 63 3 100 77132 2.007802528
7 50 3 100 26124 2.007816032
50 75 3 100 3626819 2.007819992
14 17 3 100 22473 2.007878670
33 70 3 100 95275 2.007892061
46 34 3 100 3159 2.007916816
65 66 3 100 4890464 2.007921653
76 33 3 100 30495 2.007923702
15 9 3 100 8566 2.007958909
45 18 3 100 535960 2.007968610
44 70 3 100 23803 2.007974265
27 67 3 100 298828 2.007986130
65 71 3 100 66804 2.007992319
35 77 3 100 7349 2.008000639
26 3 3 100 56834 2.008001530
34 78 3 100 5660 2.008001577
35 13 3 100 14147 2.008008403
7 54 3 100 1937619 2.008017419
13 27 3 100 1174019 2.008043885
40 2 3 100 92921 2.008060541
49 40 3 100 74406 2.008082858
40 57 3 100 27767 2.008093937
19 20 3 100 74997 2.008101422
47 36 3 100 2033018 2.008120487
26 14 3 100 1996721 2.008122868
11 32 3 100 30479 2.008152839
40 44 3 100 67965 2.008153039
55 67 3 100 22790 2.008155376
44 51 3 100 42239 2.008159729
0 28 3 100 9683 2.008164304
52 75 3 100 2992577 2.008174004
61 49 3 100 678609 2.008180696
45 48 3 100 7691875 2.008194045
66 77 3 100 119965 2.008201656
41 26 3 100 18124 2.008203351
64 1 3 100 690365 2.008214951
58 11 3 100 5036 2.008232560
51 25 3 100 5040567 2.008236531
78 20 3 100 594952 2.008261646
22 30 3 100 44227 2.008266093
41 43 3 100 17619 2.008273090
38 77 3 100 8394 2.008289705
58 73 3 100 785 2.008301128
19 1 3 100 4784 2.008319474
68 78 3 100 2357508 2.008324648
51 79 3 100 3865940 2.008328183
1 56 3 100 30250 2.008384834
42 50 3 100 170282 2.008401615
61 14 3 100 5393 2.008407142
9 42 3 100 3986 2.008412007
51 18 3 100 95223 2.008424364
20 55 3 100 70338 2.008428318
61 55 3 100 34381 2.008428455
41 21 3 100 23909 2.008437827
41 9 3 100 685370 2.008448298
25 74 3 100 69528 2.008457427
13 38 3 100 1155 2.008469895
49 63 3 100 630 2.008474011
53 57 3 100 390 2.008483508
27 64 3 100 304069 2.008491650
75 2 3 100 4252880 2.008531627
77 55 3 100 59742 2.008533825
16 47 3 100 8029213 2.008538668
61 20 3 100 7840 2.008545299
39 27 3 100 44123 2.008552334
55 50 3 100 3937 2.008562018
45 4 3 100 152013 2.008568198
31 29 3 100 51308 2.008569828
14 39 3 100 10686 2.008570005
28 23 3 100 63276 2.008570420
38 52 3 100 1266264 2.008579977
38 71 3 100 23521 2.008611632
16 61 3 100 51874 2.008625858
27 36 3 100 69775 2.008637798
37 5 3 100 4831 2.008640678
58 67 3 100 57337 2.008648498
11 62 3 100 1446231 2.008674208
12 31 3 100 425319 2.008691357
4 15 3 100 907023 2.008697894
68 71 3 100 1719033 2.008740003
15 48 3 100 5478321 2.008742111
49 45 3 100 74888 2.008761567
31 68 3 100 48087 2.008762022
61 48 3 100 26496 2.008765091
30 22 3 100 48833 2.008778505
71 50 3 100 4462859 2.008795262
24 65 3 100 5474 2.008799352
1 41 3 100 382010 2.008852772
41 67 3 100 54561 2.008866181
63 38 3 100 1030718 2.008895526
37 44 3 100 861065 2.008898372
78 31 3 100 7246 2.008898444
74 46 3 100 1475725 2.008909433
66 58 3 100 14208 2.008917853
53 65 3 100 71818 2.008943344
42 33 3 100 1645417 2.008953271
55 7 3 100 76084 2.008959895
16 50 3 100 38753 2.008978344
38 54 3 100 28331 2.008978660
62 56 3 100 736253 2.008984434
47 43 3 100 93805 2.008987811
75 77 3 100 69795 2.008991514
25 14 3 100 11587 2.009001898
14 53 3 100 58290 2.009003805
12 0 3 100 24840852 2.009004455
1 9 3 100 3096415 2.009018124
73 18 3 100 502223 2.009028376
45 21 3 100 314069 2.009048396
75 41 3 100 14418 2.009052213
4 41 3 100 87529 2.009058777
74 14 3 100 376753 2.009058858
72 13 3 100 23028 2.009099894
9 50 3 100 85840 2.009100165
65 35 3 100 3330980 2.009112352
75 7 3 100 394483 2.009130169
3 5 3 100 7942431 2.009154938
32 34 3 100 62474 2.009155945
46 7 3 100 2979415 2.009175132
61 69 3 100 70939 2.009182665
63 15 3 100 572 2.009187369
25 7 3 100 74860 2.009194950
38 9 3 100 3603 2.009202606
65 70 3 100 16462 2.009205963
32 38 3 100 28128 2.009216685
23 22 3 100 27995 2.009223052
66 59 3 100 9542533 2.009228152
22 55 3 100 59233 2.009232054
1 22 3 100 1006 2.009252434
14 32 3 100 20701 2.009257889
4 59 3 100 178560 2.009269835
5 57 3 100 16926 2.009286868
43 44 3 100 29751 2.009300543
11 37 3 100 12828 2.009334397
77 14 3 100 4432868 2.009352933
58 59 3 100 2364242 2.009353792
77 28 3 100 4212273 2.009369272
11 3 3 100 8452078 2.009369409
14 19 3 100 9762 2.009372011
71 31 3 100 891970 2.009378000
66 9 3 100 49541 2.009386022
26 34 3 100 23329 2.009393493
19 32 3 100 3121 2.009416856
47 68 3 100 4504 2.009452504
66 73 3 100 1965 2.009457144
11 67 3 100 87793 2.009472321
67 11 3 100 7914709 2.009507908
27 59 3 100 3483177 2.009514461
62 34 3 100 42576 2.009534744
29 5 3 100 5231257 2.009552799
47 57 3 100 3642 2.009561843
28 55 3 100 15076832 2.009564912
70 77 3 100 106450 2.009601557
12 28 3 100 76266 2.009604214
17 75 3 100 11850 2.009626622
8 57 3 100 2268718 2.009651073
49 75 3 100 71329 2.009652753
8 24 3 100 2204 2.009660779
20 2 3 100 757985 2.009667801
32 42 3 100 15300 2.009674600
75 14 3 100 182922 2.009675787
25 45 3 100 852986 2.009682440
45 4 3 100 106521 2.009683567
34 21 3 100 2808536 2.009685494
44 24 3 100 1080739 2.009693061
1 19 3 100 46027 2.009696912
52 46 3 100 1043418 2.009702522
79 14 3 100 3378486 2.009718684
25 42 3 100 73026 2.009724386
5 40 3 100 1465188 2.009740870
20 69 3 100 6628 2.009746668
38 16 3 100 22074 2.009792928
77 79 3 100 62202 2.009805830
75 8 3 100 5689 2.009820702
72 8 3 100 1385119 2.009842250
3 22 3 100 530 2.009846796
39 56 3 100 157001 2.009853463
45 26 3 100 41366 2.009861711
2 62 3 100 29366 2.009864546
77 44 3 100 3719029 2.009868912
10 71 3 100 13089 2.009880732
41 40 3 100 935291 2.009887165
16 3 3 100 1345405 2.009889993
54 74 3 100 42806 2.009905828
27 3 3 100 23634 2.009915619
7 78 3 100 21766365 2.009959312
28 10 3 100 35483 2.009962137
8 9 3 100 30465 2.009969125
31 20 3 100 71563 2.009972141
26 19 3 100 480253 2.009984478
14 16 3 100 6100802 2.009988188
69 45 3 100 24558 2.010050828
31 2 3 100 42344 2.010058769
30 44 3 100 3611 2.010079131
2 49 3 100 46691 2.010097568
16 54 3 100 13466 2.010113735
32 35 3 100 25226 2.010153583
43 29 3 100 4325014 2.010171554
28 33 3 100 7106 2.010179609
76 75 3 100 70319 2.010185451
14 22 3 100 1155061 2.010204992
53 12 3 100 14070 2.010217619
17 55 3 100 2313186 2.010223959
38 31 3 100 9835 2.010239783
52 48 3 100 3187918 2.010259529
75 44 3 100 1993 2.010262978
5 52 3 100 3781 2.010281927
35 40 3 100 1442425 2.010284153
33 27 3 100 67831 2.010296738
72 75 3 100 4671410 2.010337488
0 34 3 100 1622372 2.010367054
79 50 3 100 37130 2.010367456
52 12 3 100 3262240 2.010399472
40 76 3 100 1680 2.010412662
35 5 3 100 39810 2.010431938
39 2 3 100 807 2.010442773
19 68 3 100 1518 2.010444156
19 23 3 100 32366 2.010458878
3 53 3 100 27966 2.010459756
56 29 3 100 9050 2.010471446
23 71 3 100 8828822 2.010474438
36 58 3 100 4038935 2.010477913
79 33 3 100 29332 2.010489714
74 32 3 100 1412 2.010508922
3 60 3 100 36127 2.010533329
18 15 3 100 2289226 2.010537197
50 6 3 100 27037 2.010537343
76 24 3 100 513660 2.010538056
52 51 3 100 2270522 2.010563964
39 2 3 100 57520 2.010564298
9 61 3 100 30849 2.010576334
25 3 3 100 66290 2.010595572
68 28 3 100 112641 2.010601972
64 48 3 100 21823 2.010639180
6 31 3 100 556562 2.010640799
23 34 3 100 514270 2.010670497
52 28 3 100 7928668 2.010710685
49 18 3 100 1695403 2.010719158
49 72 3 100 1727933 2.010733374
46 73 3 100 46200 2.010734458
65 31 3 100 678261 2.010744283
22 74 3 100 40150 2.010753483
52 12 3 100 931943 2.010753545
73 43 3 100 9178213 2.010770479
16 3 3 100 13739453 2.010782433
39 29 3 100 808773 2.010798012
30 35 3 100 7637 2.010809657
41 13 3 100 20060 2.010812453
53 76 3 100 22100 2.010822150
65 64 3 100 4700449 2.010835346
8 0 3 100 66536 2.010847207
30 22 3 100 2288786 2.010871018
18 68 3 100 54081 2.010875047
21 46 3 100 8616112 2.010884939
19 36 3 100 39545 2.010900582
5 71 3 100 4110929 2.010941000
11 60 3 100 1262033 2.010954482
40 26 3 100 1489057 2.010982944
64 40 3 100 3045079 2.011003232
50 40 3 100 3807869 2.011007950
15 2 3 100 144930 2.011016982
18 70 3 100 2460647 2.011024446
18 42 3 100 73045 2.011033792
60 51 3 100 22268 2.011087550
51 21 3 100 3877958 2.011088690
53 34 3 100 56932 2.011091736
74 29 3 100 23584 2.011106177
70 24 3 100 1324770 2.011114206
32 37 3 100 796 2.011133506
64 11 3 100 25922 2.011138932
43 1 3 100 8807933 2.011143683
73 71 3 100 5435 2.011162648
75 34 3 100 1249224 2.011174796
46 36 3 100 857589 2.011179113
14 42 3 100 9887943 2.011195160
50 35 3 100 9233 2.011204202
10 4 3 100 7691518 2.011220351
19 13 3 100 5843 2.011221987
79 16 3 100 74062 2.011227519
30 33 3 100 199482 2.011255558
68 74 3 100 43808 2.011258258
6 37 3 100 9304949 2.011277519
42 66 3 100 8381244 2.011279922
18 8 3 100 69696 2.011287321
26 16 3 100 984222 2.011309459
78 61 3 100 32710 2.011323504
19 58 3 100 3659368 2.011370166
77 39 3 100 69216 2.011373974
0 32 3 100 7543 2.011415954
65 35 3 100 26938 2.011417842
7 19 3 100 44097 2.011484612
8 53 3 100 49584 2.011488868
69 8 3 100 17142544 2.011495420
14 42 3 100 750597 2.011500225
1 17 3 100 1645453 2.011505391
51 71 3 100 23163 2.011509335
79 66 3 100 4913375 2.011520614
75 55 3 100 19790 2.011528317
18 34 3 100 7572 2.011539344
70 9 3 100 388 2.011560767
20 72 3 100 2618 2.011567162
0 33 3 100 12501 2.011585100
25 54 3 100 4384444 2.011593914
5 27 3 100 251534 2.011608298
20 52 3 100 29018594 2.011609900
35 26 3 100 5072164 2.011616157
0 3 3 100 24006 2.011626815
22 25 3 100 202314 2.011630399
75 39 3 100 20993 2.011630674
57 23 3 100 5083116 2.011641489
36 74 3 100 2785443 2.011675377
19 38 3 100 9057 2.011687442
53 33 3 100 2402958 2.011696742
14 59 3 100 50904 2.011698193
70 16 3 100 11432 2.011702697
49 62 3 100 18091 2.011706680
47 74 3 100 192697 2.011710167
18 25 3 100 25333626 2.011727681
38 58 3 100 408925 2.011730005
31 25 3 100 1971496 2.011737882
12 52 3 100 10790 2.011742459
65 58 3 100 3741 2.011747495
41 13 3 100 355654 2.011751276
71 29 3 100 6006362 2.011756053
11 8 3 100 23701 2.011771769
8 66 3 100 1361892 2.011774920
37 13 3 100 2746 2.011780520
50 15 3 100 20738 2.011781923
19 41 3 100 511337 2.011802287
9 39 3 100 4623 2.011822109
13 54 3 100 2770831 2.011847770
44 38 3 100 66219 2.011887824
30 74 3 100 35925 2.011895707
69 27 3 100 523466 2.011902140
42 77 3 100 2628233 2.011913215
8 56 3 100 2993761 2.011923464
41 57 3 100 73704 2.011932311
24 66 3 100 6241 2.011941032
76 79 3 100 6493825 2.011947069
2 73 3 100 1562195 2.011956305
46 74 3 100 1416852 2.011969223
58 59 3 100 2466 2.011977087
36 49 3 100 29338020 2.011994342
44 32 3 100 43698 2.012004203
3 12 3 100 507183 2.012014042
74 14 3 100 41119 2.012025405
15 12 3 100 641749 2.012060909
45 32 3 100 39503 2.012073250
24 28 3 100 7680840 2.012077798
14 16 3 100 6812030 2.012112579
26 9 3 100 40879 2.012116045
59 71 3 100 4906950 2.012122191
33 28 3 100 22394 2.012129659
37 74 3 100 1585436 2.012131352
22 50 3 100 5014130 2.012133838
38 65 3 100 5763 2.012150886
18 31 3 100 7252 2.012151421
5 43 3 100 2452568 2.012152549
26 63 3 100 552428 2.012169039
20 73 3 100 11305 2.012185512
74 58 3 100 3352 2.012185646
30 45 3 100 67762 2.012191176
63 40 3 100 188480 2.012203786
8 38 3 100 30208 2.012230773
74 39 3 100 9308243 2.012239509
31 66 3 100 1129021 2.012244389
76 47 3 100 1999751 2.012254357
16 75 3 100 1506703 2.012255327
57 4 3 100 29708 2.012266985
4 36 3 100 5788 2.012327790
9 6 3 100 24598 2.012353689
36 15 3 100 1842157 2.012354277
35 29 3 100 25245 2.012372575
54 55 3 100 1594797 2.012382737
21 75 3 100 366857 2.012384968
32 49 3 100 278230 2.012390338
62 2 3 100 3338680 2.012407282
56 7 3 100 119154 2.012407924
52 19 3 100 1155107 2.012426470
26 69 3 100 1058661 2.012437177
52 74 3 100 4003541 2.012451172
60 30 3 100 7084 2.012452692
15 70 3 100 1605839 2.012459999
67 18 3 100 48251 2.012475931
68 70 3 100 56699 2.012479715
49 52 3 100 11242 2.012492728
62 11 3 100 74079 2.012523355
15 79 3 100 24646 2.012527621
58 28 3 100 2187553 2.012537970
4 17 3 100 148202 2.012542872
75 73 3 100 23063 2.012569402
72 73 3 100 9231 2.012576949
8 21 3 100 2361808 2.012591310
0 36 3 100 74630 2.012591496
15 16 3 100 41975 2.012592244
61 21 3 100 3665518 2.012595427
74 45 3 100 32858 2.012609463
12 25 3 100 13677 2.012618158
26 6 3 100 195408 2.012629413
38 17 3 100 1868660 2.012630921
35 44 3 100 7259 2.012643589
13 9 3 100 5150015 2.012645856
29 59 3 100 7495 2.012671069
73 28 3 100 720853 2.012674229
0 70 3 100 4249525 2.012680353
46 63 3 100 7451 2.012684551
75 72 3 100 3454074 2.012684757
69 73 3 100 845137 2.012687536
5 35 3 100 29647399 2.012702894
65 37 3 100 7323526 2.012706705
19 13 3 100 31012 2.012740444
36 40 3 100 77520 2.012751252
42 49 3 100 60393 2.012780474
39 51 3 100 194126 2.012804222
29 24 3 100 4031806 2.012814260
41 56 3 100 1846330 2.012819901
45 0 3 100 29707679 2.012820746
65 64 3 100 8277 2.012825197
19 77 3 100 21320 2.012826285
1 6 3 100 25427 2.012831064
32 78 3 100 55328 2.012838934
59 6 3 100 47617 2.012860021
17 0 3 100 76634 2.012869478
61 11 3 100 22286 2.012910395
63 53 3 100 3953492 2.012934332
36 25 3 100 1757341 2.012937009
63 67 3 100 6307 2.012942168
53 6 3 100 26652 2.012948270
13 69 3 100 2445 2.012948440
77 75 3 100 2662 2.012976478
13 47 3 100 59400 2.013013202
46 40 3 100 56226 2.013019572
17 56 3 100 168925 2.013020395
60 27 3 100 26081 2.013021149
52 19 3 100 717970 2.013023395
13 50 3 100 2225697 2.013033834
10 11 3 100 4143256 2.013038373
25 27 3 100 81990 2.013044281
44 27 3 100 715314 2.013054220
24 77 3 100 37458 2.013087331
64 30 3 100 22354 2.013102031
78 25 3 100 2644537 2.013114994
75 40 3 100 9398 2.013123394
58 0 3 100 454129 2.013131250
10 6 3 100 3647500 2.013138932
53 24 3 100 24616 2.013144939
65 10 3 100 11245 2.013151781
75 54 3 100 6610 2.013157406
32 40 3 100 183891 2.013202318
20 22 3 100 938374 2.013214060
43 25 3 100 8025 2.013219378
62 33 3 100 75093 2.013226226
25 69 3 100 50648 2.013254234
76 61 3 100 50617 2.013325796
79 35 3 100 72454 2.013346716
27 78 3 100 3807 2.013347778
68 35 3 100 1991724 2.013356309
40 21 3 100 7932 2.013363493
44 46 3 100 14472 2.013391352
69 41 3 100 914444 2.013396606
44 55 3 100 31852 2.013414735
68 42 3 100 2815141 2.013425280
2 50 3 100 763050 2.013445512
59 12 3 100 9724750 2.013448277
51 30 3 100 26733 2.013466390
55 47 3 100 64832 2.013475359
55 58 3 100 5156054 2.013483972
3 35 3 100 70182 2.013485771
0 70 3 100 1902703 2.013491429
36 0 3 100 1872719 2.013496491
56 45 3 100 4655742 2.013525382
0 66 3 100 4324292 2.013540067
35 1 3 100 36539 2.013541372
4 10 3 100 252500 2.013558974
63 16 3 100 88706 2.013587473
24 11 3 100 24188998 2.013597638
17 66 3 100 68191 2.013599729
69 53 3 100 3080556 2.013601001
22 33 3 100 1473357 2.013606986
48 31 3 100 5589 2.013625380
14 32 3 100 1663 2.013627968
9 40 3 100 119287 2.013630818
46 51 3 100 5628 2.013632240
52 54 3 100 60804 2.013636667
26 76 3 100 31326 2.013646388
50 75 3 100 24683 2.013651479
10 33 3 100 27131429 2.013670347
76 45 3 100 979 2.013672810
44 65 3 100 344622 2.013696007
56 2 3 100 7410578 2.013711315
21 68 3 100 15413 2.013711737
55 3 3 100 11541 2.013724724
52 20 3 100 2201031 2.013747721
57 1 3 100 8786 2.013791683
10 29 3 100 1489314 2.013793876
11 45 3 100 2521018 2.013799850
55 15 3 100 41087 2.013801931
7 10 3 100 77790 2.013807340
40 4 3 100 1561744 2.013831160
79 9 3 100 22654 2.013833871
17 49 3 100 25210 2.013837547
4 45 3 100 41805 2.013864794
71 60 3 100 42105 2.013886447
40 11 3 100 1129 2.013890988
32 41 3 100 9914 2.013916557
6 71 3 100 36484 2.013928283
52 30 3 100 66065 2.013930809
68 2 3 100 26268 2.013948323
75 8 3 100 59825 2.013951241
0 44 3 100 989540 2.013960702
20 19 3 100 4935 2.013963333
12 7 3 100 35370 2.013967530
48 57 3 100 4421 2.013978856
70 35 3 100 7650 2.013986513
21 36 3 100 12683 2.013990762
18 2 3 100 1789936 2.014015276
47 50 3 100 37287 2.014017090
7 24 3 100 7124058 2.014034729
1 41 3 100 13140 2.014034899
23 65 3 100 55590 2.014044666
36 38 3 100 3331399 2.014049347
50 5 3 100 662 2.014062575
19 74 3 100 73815 2.014072848
37 24 3 100 92414 2.014100478
67 55 3 100 41059 2.014122309
16 20 3 100 885017 2.014154700
23 47 3 100 47839 2.014175055
70 53 3 100 4578459 2.014177264
20 56 3 100 150225 2.014177923
79 75 3 100 20167 2.014187294
53 67 3 100 2844 2.014187772
68 62 3 100 58201 2.014212978
68 8 3 100 1396243 2.014230383
78 0 3 100 113541 2.014262201
40 8 3 100 3924619 2.014277062
28 77 3 100 5722743 2.014290111
38 23 3 100 31506 2.014295615
18 48 3 100 27261208 2.014307348
63 6 3 100 6817387 2.014313529
43 18 3 100 16152 2.014322053
51 67 3 100 9487 2.014322839
37 54 3 100 57305 2.014323752
4 61 3 100 9247528 2.014327765
42 41 3 100 78868 2.014337729
24 13 3 100 908815 2.014343373
16 0 3 100 9775 2.014347611
69 42 3 100 282392 2.014357656
37 54 3 100 40731 2.014363692
25 16 3 100 2671196 2.014398941
74 27 3 100 12319 2.014401243
34 11 3 100 3251 2.014412953
33 58 3 100 2346140 2.014427268
51 15 3 100 20836 2.014436321
22 35 3 100 1164195 2.014479154
45 3 3 100 4499477 2.014490461
40 69 3 100 60604 2.014502083
19 77 3 100 27817 2.014504600
71 54 3 100 21820 2.014509592
16 74 3 100 2190763 2.014531462
1 36 3 100 112353 2.014556261
44 52 3 100 50942 2.014556705
69 0 3 100 50713 2.014572293
52 63 3 100 117 2.014574945
37 36 3 100 3880943 2.014578214
10 60 3 100 6527013 2.014583253
21 64 3 100 24547 2.014585206
28 11 3 100 7499 2.014604430
6 17 3 100 699845 2.014632524
52 57 3 100 7658799 2.014638479
23 70 3 100 3162 2.014695477
50 57 3 100 70964 2.014696057
47 8 3 100 32269 2.014706740
50 14 3 100 36254 2.014721080
28 40 3 100 1917 2.014721256
37 49 3 100 4175452 2.014724799
17 47 3 100 11469 2.014733687
3 46 3 100 1464876 2.014734997
24 21 3 100 26934 2.014735904
4 77 3 100 27570095 2.014739334
78 30 3 100 3703257 2.014739533
52 67 3 100 3063616 2.014744245
35 2 3 100 25247 2.014757720
27 76 3 100 779285 2.014774748
37 79 3 100 80955 2.014775156
16 73 3 100 38860 2.014785648
71 42 3 100 1886 2.014806219
27 31 3 100 1564744 2.014813848
27 45 3 100 69566 2.014818837
34 59 3 100 926589 2.014819385
9 28 3 100 63873 2.014820034
71 66 3 100 61154 2.014842253
71 54 3 100 2286 2.014856211
52 46 3 100 1023882 2.014859996
38 22 3 100 1735210 2.014863518
14 67 3 100 16502 2.014878249
48 22 3 100 47065 2.014891665
21 37 3 100 25107562 2.014905546
7 63 3 100 9891043 2.014913573
19 74 3 100 121056 2.014914552
31 10 3 100 1613411 2.014919346
73 34 3 100 1881280 2.014932656
78 66 3 100 30503 2.014936110
34 68 3 100 76949 2.014936752
7 0 3 100 29308 2.014938599
79 30 3 100 43799 2.014939346
68 26 3 100 11810 2.014945254
30 57 3 100 60138 2.014950310
51 52 3 100 427131 2.014964769
37 0 3 100 1981 2.014983487
17 8 3 100 7832 2.014990475
25 11 3 100 970549 2.015005852
26 32 3 100 22064 2.015018895
0 57 3 100 15478 2.015036121
14 32 3 100 27937 2.015043583
69 36 3 100 3835246 2.015044440
3 6 3 100 28879 2.015057956
59 41 3 100 982809 2.015082901
15 32 3 100 1480151 2.015119854
13 74 3 100 3249 2.015130362
71 31 3 100 465613 2.015145921
49 14 3 100 610320 2.015148915
52 40 3 100 25390 2.015155964
77 16 3 100 27081 2.015163434
41 46 3 100 30243 2.015203875
75 65 3 100 8128969 2.015222733
35 49 3 100 54728 2.015230103
43 63 3 100 105438 2.015239583
23 74 3 100 5299507 2.015247025
47 43 3 100 9223043 2.015259255
3 45 3 100 5915 2.015276474
7 61 3 100 1181 2.015276691
48 69 3 100 22965 2.015277517
5 15 3 100 20731 2.015293518
47 55 3 100 2935 2.015357037
75 49 3 100 885903 2.015367414
52 41 3 100 42529 2.015379796
69 77 3 100 18926 2.015416571
63 57 3 100 46642 2.015423698
32 58 3 100 26795 2.015459613
23 5 3 100 4979572 2.015504669
50 67 3 100 261547 2.015508726
13 75 3 100 81621 2.015544919
64 77 3 100 65420 2.015550304
71 49 3 100 177366 2.015552272
41 5 3 100 2171600 2.015555241
68 9 3 100 4376557 2.015558570
32 28 3 100 1826497 2.015580197
73 30 3 100 1981818 2.015634781
30 54 3 100 16877 2.015643687
71 0 3 100 4722352 2.015651880
28 50 3 100 57871 2.015660628
74 43 3 100 1489 2.015663890
27 63 3 100 1701583 2.015674224
43 19 3 100 9907 2.015707616
35 47 3 100 2850 2.015707850
18 79 3 100 35097 2.015711864
12 1 3 100 20396 2.015726067
75 20 3 100 4161579 2.015730740
55 28 3 100 4327 2.015773868
78 43 3 100 1683989 2.015776333
49 13 3 100 4966 2.015777351
23 29 3 100 5343918 2.015782767
8 14 3 100 2542 2.015797190
56 12 3 100 49858 2.015820914
69 7 3 100 10673 2.015838046
68 44 3 100 4474563 2.015852599
61 62 3 100 1436207 2.015856504
61 62 3 100 1524 2.015861161
3 7 3 100 349032 2.015883674
48 36 3 100 4202941 2.015886339
18 73 3 100 9949 2.015890285
49 37 3 100 7320154 2.015902973
41 21 3 100 1882883 2.015961715
10 29 3 100 46550 2.015968721
74 42 3 100 20792 2.015994703
55 63 3 100 107221 2.016007924
19 28 3 100 5992 2.016040063
67 49 3 100 3231555 2.016052900
6 78 3 100 1057317 2.016060723
53 58 3 100 487229 2.016070450
65 53 3 100 49308 2.016072871
55 15 3 100 1055 2.016077215
72 14 3 100 1277961 2.016088393
26 3 3 100 3348 2.016089956
76 36 3 100 8222 2.016110657
78 1 3 100 545747 2.016121574
16 46 3 100 4408086 2.016148061
7 28 3 100 1867702 2.016150499
58 40 3 100 23384 2.016150532
67 58 3 100 311974 2.016166258
61 13 3 100 84160 2.016171644
9 26 3 100 64347 2.016190233
64 69 3 100 1198994 2.016211145
64 46 3 100 568539 2.016216146
61 37 3 100 8581 2.016224532
41 2 3 100 77779 2.016229994
16 20 3 100 1203517 2.016255988
61 17 3 100 1611 2.016269785
35 11 3 100 28394 2.016286749
10 74 3 100 5369208 2.016287973
63 51 3 100 20755 2.016310316
69 8 3 100 6181794 2.016315774
26 50 3 100 39431 2.016338696
50 23 3 100 454964 2.016339021
47 76 3 100 12767309 2.016355926
63 51 3 100 19451 2.016357404
50 49 3 100 147609 2.016360275
7 3 3 100 26033 2.016369375
64 67 3 100 1306662 2.016384304
58 63 3 100 116625 2.016402517
26 73 3 100 22596 2.016407978
54 76 3 100 1226744 2.016414432
53 45 3 100 178759 2.016427474
52 79 3 100 143089 2.016446329
75 72 3 100 1677443 2.016449594
16 78 3 100 997632 2.016460772
64 18 3 100 12921 2.016473714
27 39 3 100 48521 2.016481320
21 68 3 100 389269 2.016483208
74 4 3 100 15549965 2.016495862
36 10 3 100 1588169 2.016495893
22 0 3 100 1879901 2.016499345
47 0 3 100 1400723 2.016507025
6 57 3 100 75985 2.016547786
11 48 3 100 4479284 2.016577674
32 52 3 100 23434 2.016580186
36 57 3 100 1320470 2.016580868
15 24 3 100 36097 2.016608655
75 67 3 100 1233393 2.016609539
43 74 3 100 166398 2.016610733
49 53 3 100 2959 2.016681284
56 62 3 100 924841 2.016681467
62 58 3 100 25038 2.016689422
17 41 3 100 719234 2.016694592
37 64 3 100 2254 2.016734883
41 15 3 100 6468892 2.016737600
29 55 3 100 1407 2.016748025
25 35 3 100 3649522 2.016757900
24 74 3 100 58287 2.016757924
28 57 3 100 63224 2.016764852
34 75 3 100 26277 2.016793123
40 22 3 100 57757 2.016805772
52 11 3 100 5595 2.016813873
39 38 3 100 8666317 2.016828201
76 61 3 100 18646 2.016832907
0 5 3 100 1290840 2.016851028
66 27 3 100 66968 2.016857222
25 34 3 100 52682 2.016871426
27 9 3 100 7239266 2.016895878
5 73 3 100 16357 2.016926746
78 62 3 100 74957 2.016947045
8 29 3 100 4872 2.016950711
47 44 3 100 3738848 2.016985765
78 68 3 100 79704 2.016991471
27 39 3 100 209472 2.017002047
30 61 3 100 47779 2.017002558
6 63 3 100 19574 2.017028342
12 33 3 100 677482 2.017034653
78 32 3 100 66857 2.017037233
54 55 3 100 1438975 2.017038163
38 60 3 100 21419 2.017043717
25 53 3 100 93858 2.017058388
65 40 3 100 939500 2.017064005
15 3 3 100 8188443 2.017068067
58 5 3 100 42186 2.017073977
24 74 3 100 42968 2.017094095
24 5 3 100 14043 2.017111943
20 50 3 100 188305 2.017122032
63 28 3 100 9589257 2.017127840
18 73 3 100 19556253 2.017141848
62 51 3 100 25441 2.017142005
71 26 3 100 91296 2.017152254
58 40 3 100 3651706 2.017171602
68 65 3 100 61276 2.017197762
64 70 3 100 10355 2.017202134
13 4 3 100 776691 2.017216798
59 50 3 100 4218292 2.017219897
61 51 3 100 42347 2.017235716
35 68 3 100 771916 2.017246829
3 69 3 100 4359240 2.017250950
33 68 3 100 56549 2.017257533
38 64 3 100 950942 2.017269736
39 56 3 100 2406610 2.017280150
43 9 3 100 9914640 2.017293758
34 77 3 100 23441147 2.017302111
3 59 3 100 31332 2.017304780
25 44 3 100 568591 2.017323807
62 1 3 100 19630 2.017329461
48 33 3 100 3762 2.017335441
41 67 3 100 44621 2.017341636
22 78 3 100 40868 2.017345978
0 15 3 100 1918341 2.017348093
59 55 3 100 1689789 2.017364432
67 58 3 100 21892 2.017371980
38 46 3 100 3731419 2.017388336
55 47 3 100 840182 2.017394024
60 32 3 100 32227 2.017399708
3 11 3 100 1476210 2.017422734
71 57 3 100 4819 2.017429653
0 70 3 100 173028 2.017429802
45 75 3 100 79980 2.017430228
74 34 3 100 71669 2.017455423
1 26 3 100 8366324 2.017466258
33 14 3 100 19316 2.017467149
44 66 3 100 1898739 2.017490644
68 67 3 100 826690 2.017494909
73 71 3 100 2390363 2.017538794
70 19 3 100 152744 2.017539107
1 52 3 100 145674 2.017543340
11 41 3 100 1422335 2.017549226
61 7 3 100 140609 2.017552275
32 0 3 100 4925104 2.017568494
37 59 3 100 37477 2.017579740
67 25 3 100 29582 2.017579962
48 53 3 100 1805060 2.017580557
65 58 3 100 72422 2.017585390
1 21 3 100 175242 2.017611501
28 31 3 100 8841 2.017627283
61 47 3 100 22681148 2.017637487
70 6 3 100 3707173 2.017638193
1 48 3 100 96023 2.017656393
75 54 3 100 35593 2.017672812
34 23 3 100 1841646 2.017673271
28 8 3 100 2238705 2.017676625
27 66 3 100 5748733 2.017691009
71 42 3 100 9556 2.017714584
50 7 3 100 3471973 2.017716353
68 57 3 100 22520 2.017718164
23 20 3 100 9852548 2.017719477
34 10 3 100 20396 2.017741245
7 39 3 100 23012981 2.017746829
64 71 3 100 24971 2.017747163
72 2 3 100 68320 2.017751740
79 75 3 100 41948 2.017766220
75 51 3 100 14796126 2.017776954
28 2 3 100 7853426 2.017821568
29 70 3 100 5858681 2.017825039
76 64 3 100 5453801 2.017842143
45 26 3 100 818555 2.017885619
79 54 3 100 31578 2.017890291
50 57 3 100 6692 2.017896583
63 56 3 100 1427 2.017913260
78 7 3 100 19523786 2.017917282
38 45 3 100 616174 2.017929122
25 47 3 100 26295 2.017929602
0 41 3 100 18294 2.017946800
34 17 3 100 78204 2.017946957
39 33 3 100 5618629 2.017947844
45 63 3 100 9630011 2.017959551
35 54 3 100 27016165 2.017968772
30 53 3 100 52932 2.017984005
67 3 3 100 52713 2.017993054
48 18 3 100 4687775 2.018000985
15 16 3 100 54230 2.018004899
26 47 3 100 2131728 2.018012032
42 76 3 100 73803 2.018015684
22 33 3 100 1900419 2.018017714
34 42 3 100 304031 2.018040732
72 40 3 100 8453199 2.018042700
35 49 3 100 4632864 2.018057906
76 19 3 100 6724749 2.018061531
12 31 3 100 734129 2.018064010
11 64 3 100 173110 2.018075008
54 16 3 100 149 2.018089225
78 18 3 100 975 2.018090560
62 26 3 100 7252 2.018106635
54 36 3 100 7599334 2.018108599
75 26 3 100 9221 2.018127037
40 34 3 100 116413 2.018129604
36 11 3 100 1426 2.018144465
54 43 3 100 5634 2.018172213
21 5 3 100 291941 2.018177251
70 11 3 100 39073 2.018220898
76 0 3 100 6514410 2.018245591
73 69 3 100 22802 2.018249640
41 13 3 100 85640 2.018271680
41 61 3 100 7463 2.018299081
47 28 3 100 25226 2.018301700
0 43 3 100 4351 2.018311745
36 6 3 100 57502 2.018345388
60 14 3 100 1627050 2.018376275
49 43 3 100 3528050 2.018382258
70 30 3 100 171946 2.018399923
36 78 3 100 63902 2.018407627
38 9 3 100 66738 2.018424482
7 3 3 100 140914 2.018450978
47 38 3 100 1182 2.018496694
56 0 3 100 23037 2.018498418
47 56 3 100 38706 2.018511355
68 77 3 100 140762 2.018528409
39 60 3 100 381059 2.018540373
70 48 3 100 78663 2.018559413
27 71 3 100 30232 2.018563220
9 67 3 100 4037270 2.018630747
38 79 3 100 27684 2.018633711
0 50 3 100 121366 2.018641809
60 11 3 100 9206 2.018644130
26 16 3 100 18285 2.018654313
15 6 3 100 47151 2.018654794
28 62 3 100 132414 2.018665384
56 41 3 100 91089 2.018666280
50 22 3 100 4671052 2.018692036
50 78 3 100 529412 2.018701127
67 21 3 100 55465 2.018746972
12 68 3 100 8652975 2.018755772
56 59 3 100 73586 2.018769819
10 53 3 100 5879 2.018773791
41 35 3 100 544365 2.018789599
50 52 3 100 23868 2.018809850
34 72 3 100 54004 2.018835095
46 23 3 100 6562232 2.018859704
36 6 3 100 6534 2.018862344
1 20 3 100 50951 2.018868716
79 8 3 100 63116 2.018880743
48 3 3 100 5927941 2.018891712
28 49 3 100 15460093 2.018905526
58 20 3 100 9189492 2.018911408
28 2 3 100 9068 2.018926054
31 75 3 100 15041 2.018947522
34 36 3 100 145159 2.018951198
36 9 3 100 31368 2.018960310
18 13 3 100 46434 2.018981817
10 1 3 100 20504 2.019004512
56 74 3 100 1346 2.019011192
4 75 3 100 61502 2.019094937
66 28 3 100 6458 2.019101612
64 36 3 100 63929 2.019138130
12 59 3 100 67391 2.019142424
27 6 3 100 39290 2.019143466
79 12 3 100 29090 2.019155874
72 15 3 100 5417091 2.019159788
64 78 3 100 77008 2.019160323
53 13 3 100 1257036 2.019171541
53 74 3 100 10594626 2.019177055
27 11 3 100 38743 2.019191720
27 8 3 100 2381955 2.019235098
61 38 3 100 60994 2.019237920
42 58 3 100 5694141 2.019266301
68 47 3 100 15016 2.019271772
39 43 3 100 3683369 2.019283892
66 77 3 100 5465 2.019338503
11 25 3 100 169311 2.019353058
62 28 3 100 7393 2.019359541
13 51 3 100 1081807 2.019380730
31 4 3 100 6653368 2.019430313
58 55 3 100 67898 2.019433807
41 29 3 100 129018 2.019448461
30 31 3 100 5779587 2.019475820
74 9 3 100 33571 2.019514201
42 70 3 100 73363 2.019543115
66 62 3 100 2004 2.019565026
21 18 3 100 846062 2.019644445